Dissolved Oxygen,Salinity,Temperature,pH,Turbidity,Dissolved Organic Matter,Suspended Matter,Temperature,Chlorophyll
5.545050000000002,0.04958343505859375,37.257449450000024,7.9161957535844145,0.07951241731643677,0.6600016876055469,0.6704534927153626,37.257449450000024,0.0336836539208889
4.831460000000002,0.04536968842148781,36.93102854000006,7.939773757982915,0.09454381465911865,0.6540608528678963,0.6681313371703026,36.93102854000006,0.029713524505496025
6.377052500000003,0.030285296961665154,36.79259873000001,7.926453186181635,0.10118017345666885,0.654037328917013,0.6637958922996144,36.79259873000001,0.03923776000738144
5.864843888888894,0.03491412475705147,35.681742230000054,7.946177348631148,0.10514494776725769,0.6535223388942436,0.666958069581829,35.681742230000054,0.03686385229229927
7.095062857142862,0.032320354133844376,35.64927104000003,7.938692451895869,0.0979505255818367,0.6551458667626351,0.6787969294137299,35.64927104000003,0.032000210136175156
4.6934999999999985,0.05964026600122452,37.891492159999984,8.054659969673995,0.11012037098407745,0.6504681104568195,0.6683290008656562,37.891492159999984,0.07024022191762924
5.313299999999996,0.046344857662916183,37.42835045000004,7.98500641699979,0.11313563585281372,0.650758347977337,0.6764078261142091,37.42835045000004,0.04809603467583656
5.582516666666669,0.04278752952814102,37.671029869999984,7.977026292010377,0.11882806569337845,0.6460669570605054,0.6585562048333327,37.671029869999984,0.04231974855065346
6.180716666666667,0.043546900153160095,37.05578627,7.979478243352136,0.11367305368185043,0.6554055032818913,0.6604639300030121,37.05578627,0.042741019278764725
5.544596428571429,0.05012495443224907,38.05213909999998,7.977261384521136,0.11866480112075806,0.6488246404968887,0.6608534785237157,38.05213909999998,0.04484070837497711
6.081078571428568,0.04573782533407211,38.07948326000002,7.968187394415947,0.10550583153963089,0.6634477222826227,0.675880674997891,38.07948326000002,0.04386582225561142
6.189217142857151,0.02580874040722847,38.33925278000004,7.992772543277926,0.11678331345319748,0.6642063288487794,0.676698513868315,38.33925278000004,0.04286974295973778
6.230308333333332,0.02584439516067505,38.52895289000003,7.98870438071226,0.12078200280666351,0.6833624084519074,0.6785389018000512,38.52895289000003,0.042297571897506714
4.5169428571428565,0.03347756713628769,36.79430774000002,7.995379450202795,0.10877442359924316,0.6780485813355929,0.679929842505428,36.79430774000002,0.03493908792734146
5.586895,0.03720610588788986,35.86289728999998,7.94766244073387,0.09700636565685272,0.6694870296000921,0.6790592537186094,35.86289728999998,0.03522612527012825
6.185622857142862,0.0366351418197155,35.758647680000024,7.953149183949826,0.0976044163107872,0.6547020009992458,0.664714005566972,35.758647680000024,0.03509632498025894
6.329314285714291,0.036980438977479935,36.01158115999999,7.932723090523338,0.10519944876432419,0.6538032425430269,0.6647825905707955,36.01158115999999,0.035009171813726425
7.252250000000002,0.029656285420060158,35.56894756999998,7.936358743122909,0.09174346923828125,0.6555143402535026,0.6653946353066286,35.56894756999998,0.04742304980754852
0.3943370879120831,0.1402248740196228,39.183503719999976,8.117123669193425,0.07686711847782135,0.6491892952969676,0.6522695566645733,39.183503719999976,0.12724772095680237
5.506000000000006,0.11178117245435715,38.575096160000044,8.114125178537742,0.09044093638658524,0.6456171644859966,0.6516515451101055,38.575096160000044,0.09556860476732254
3.070790000000004,0.11661143600940704,37.31555579000002,8.12653750511666,0.0672738179564476,0.6446286867625929,0.6537341993333337,37.31555579000002,0.11888211220502853
7.063640000000001,0.06645411998033524,38.48793665000005,8.002746898166212,0.09737494587898254,0.6491786432855288,0.6702269924781108,38.48793665000005,0.0627073273062706
7.66316428571429,0.04817444086074829,38.575096160000044,7.972553479116649,0.0988813191652298,0.6510462941490085,0.6775963556750556,38.575096160000044,0.05994940176606178
7.466990000000001,0.03225040063261986,37.91200028000003,7.984693502199392,0.11286000907421112,0.6466768904165475,0.6669995625561715,37.91200028000003,0.05097397416830063
6.378083333333338,0.04639092832803726,36.82506992000003,7.980849520745359,0.09384086728096008,0.6638855297196474,0.6772785039273893,36.82506992000003,0.06103925406932831
5.490075000000003,0.051478322595357895,36.661004960000014,7.984567265680057,0.08984442055225372,0.670920705609782,0.6769303624612921,36.661004960000014,0.06551098823547363
5.498050000000008,0.023954909294843674,37.11731063000002,7.970903305471125,0.1216326504945755,0.6654898531539345,0.6766589863289623,37.11731063000002,0.04494902864098549
5.218758333333332,0.01622994989156723,36.52257515000002,7.970377298493019,0.11743486672639847,0.6665785812224733,0.6774348109903774,36.52257515000002,0.04643915966153145
4.628230952380944,0.035317860543727875,36.94982765000003,7.971206554673417,0.102503202855587,0.6828692373087787,0.6768781422501908,36.94982765000003,0.04382063448429108
5.917389999999999,0.024917121976614,36.76696358000004,7.957107923130604,0.1160145252943039,0.6708866015178777,0.6784819933324364,36.76696358000004,0.04284454882144928
8.616231363636366,0.03285132721066475,34.04792867000003,7.901538315170386,0.08331575989723206,0.6701058904918605,0.6786125962185446,34.04792867000003,0.03629564866423607
6.263386666666671,0.0529087595641613,33.863355590000026,7.912696340605208,0.08046095073223114,0.6552974587079614,0.663782676776708,33.863355590000026,0.0361313670873642
5.509054166666671,0.02045995183289051,34.88534357000003,7.9294185392096015,0.09874743223190308,0.6469636189312868,0.6634055134300292,34.88534357000003,0.047138843685388565
5.582830000000003,0.037256672978401184,34.28548106000005,7.942017862658293,0.09898989647626877,0.6407061972641697,0.6646933340468197,34.28548106000005,0.03546099364757538
7.016825000000006,0.09664496779441833,38.264056340000025,7.997482445670291,0.08853624761104584,0.6576592065223638,0.6776050081073317,38.264056340000025,0.06639282405376434
6.728783333333338,0.06900264322757721,36.85412309000003,7.980580742902031,0.09776248037815094,0.6469124707267366,0.6666087807890532,36.85412309000003,0.051527995616197586
7.493299999999996,0.0511694960296154,37.00109795000003,7.969528542510122,0.10033020377159119,0.6464467730258554,0.6576059072794607,37.00109795000003,0.04152223467826843
5.025716666666666,0.05054716020822525,36.93273755000001,7.971162471490774,0.1062435582280159,0.6629991041018243,0.6748330713386403,36.93273755000001,0.04292071610689163
5.631000000000002,0.051168665289878845,36.722529320000035,7.967748070441356,0.10013087093830109,0.6740491217949819,0.6917916147258333,36.722529320000035,0.04883962497115135
4.402916666666664,0.0436721034348011,36.38756336000006,7.9319506,0.09617149084806442,0.6677611635556853,0.6766960866392652,36.38756336000006,0.04086994752287865
4.016316666666674,0.061769403517246246,36.82848794000006,7.947202738698181,0.08754260838031769,0.683753011881615,0.6915248741764884,36.82848794000006,0.04710833728313446
5.844420000000001,0.03369051218032837,36.826778930000046,7.967693877551021,0.11131121963262558,0.669304489862238,0.6773972205801373,36.826778930000046,0.04340711236000061
6.745300000000002,0.023177413269877434,35.09384279000005,7.958476157103227,0.11063484102487564,0.668688673428348,0.6779385151116842,35.09384279000005,0.046913743019104004
5.687289285714284,0.0265128742903471,33.91975292000001,7.966817970565454,0.10315769910812378,0.6398802224759742,0.6632732183686697,33.91975292000001,0.032971594482660294
7.001437499999996,0.03768489882349968,33.46686527000003,7.92985836627141,0.09882247447967529,0.6377047881949008,0.6611825226448914,33.46686527000003,0.04294542223215103
9.402801428571427,0.04461561515927315,33.547188740000024,7.966756917136833,0.11822350323200226,0.6405169192147563,0.6632732183686697,33.547188740000024,0.046614762395620346
6.070460317460325,0.1141025647521019,37.438604510000005,8.03618939524838,0.09997782856225967,0.6475970341878231,0.6766775469585097,37.438604510000005,0.08769994229078293
6.336150000000005,0.06549504399299622,37.13610974000005,7.990260230256514,0.09435022622346878,0.647015047745609,0.673046942859285,37.13610974000005,0.0647021159529686
4.6545333333333385,0.05271165445446968,36.21666235999999,7.97380862806063,0.09093114733695984,0.6464241506429423,0.6749414490484129,36.21666235999999,0.05046452581882477
3.111400000000005,0.11716901510953903,36.47984989999998,8.021209074898035,0.08416306227445602,0.6574992469322908,0.6678679150897772,36.47984989999998,0.08116068691015244
1.7460250000000048,0.12478632479906082,35.79111886999999,8.001803116367135,0.0817641019821167,0.6661212854270763,0.6773033317621313,35.79111886999999,0.08769747614860535
5.351500000000007,0.06329113990068436,36.41319851000003,7.941641889158577,0.10104011744260788,0.6533264492143025,0.6784769441254441,36.41319851000003,0.03578399494290352
6.079800000000008,0.038986936211586,36.68493110000003,7.982005530824228,0.10497525334358215,0.647004173943442,0.6769911490664836,36.68493110000003,0.046955741941928864
6.276433333333339,0.02619261108338833,37.01477003000002,7.974972732331664,0.1185789480805397,0.6468082022667253,0.6782767602256949,37.01477003000002,0.045919664204120636
5.896651190476186,0.02098511904478073,34.17097739000002,7.981389719977448,0.10925234109163284,0.6381099373614796,0.6621743614674701,34.17097739000002,0.029192043468356133
6.389233333333339,0.03299231082201004,33.84968350999998,7.932034655737706,0.09598864614963531,0.6519773688259358,0.6611833470517227,33.84968350999998,0.05035598576068878
8.837750000000002,0.057717032730579376,34.29060808999998,7.963867982147052,0.12251395732164383,0.6527498538600898,0.6774607149857501,34.29060808999998,0.04369639977812767
6.09754,0.10193895548582077,38.20082296999999,8.029436617167693,0.09169317036867142,0.6454761641753896,0.67584298357146,38.20082296999999,0.07918248325586319
4.006470000000002,0.14501090347766876,37.481329759999994,8.081546779268091,0.08077496290206909,0.6475970341878231,0.6753428772406428,37.481329759999994,0.11355579644441605
2.9495999999999984,0.11570970714092255,35.474952020000046,7.988932120993879,0.07600827515125275,0.6464467730258554,0.6572897505932686,35.474952020000046,0.07961079478263855
6.202500000000006,0.07995666563510895,35.95689284000002,7.9571240981240985,0.09335599839687347,0.6647813373954325,0.6781166046472225,35.95689284000002,0.05428256466984749
5.8848500000000055,0.055068835616111755,36.52428415999998,7.969307949374289,0.08724290877580643,0.6718183188314076,0.6834154233830781,36.52428415999998,0.04891815781593323
6.085638571428577,0.01954103633761406,36.83190596000003,7.9712728525071945,0.11813586950302124,0.6655886191016444,0.6917916147258333,36.83190596000003,0.03060309588909149
5.428208333333336,0.0287749283015728,34.71273356000006,7.978293358001173,0.10737814754247665,0.6669922682441162,0.6786585512205411,34.71273356000006,0.04829704761505127
6.178038333333335,0.03372558206319809,34.69564346000004,7.943354513478274,0.0893281027674675,0.6507823087658626,0.676888051659473,34.69564346000004,0.049836527556180954
7.8397850000000044,0.0878073051571846,36.392690389999984,7.963884713066804,0.11923565715551376,0.6530487719820014,0.6852308934059888,36.392690389999984,0.046636659651994705
5.151316666666672,0.11830342561006546,38.33925278000004,8.04753366084425,0.09268701821565628,0.654523205676463,0.6824092451639379,38.33925278000004,0.08289365470409393
5.449066666666669,0.09839268773794174,36.03379829000005,7.972429848078642,0.08934624493122101,0.6527788429308282,0.6701777849186268,36.03379829000005,0.04987504705786705
5.2483,0.0505300834774971,36.21837137,7.923214680483593,0.08083213865756989,0.6440128619828365,0.6585562048333327,36.21837137,0.04544179514050484
6.1937,0.0473819263279438,36.49864901000001,7.93495072721876,0.09436696022748947,0.6528194930122451,0.6648860515431909,36.49864901000001,0.039885587990283966
5.533008333333333,0.03032710961997509,35.871442340000044,7.9461887925283525,0.08241758495569229,0.6454512021580834,0.6718412081188884,35.871442340000044,0.04406055808067322
6.535975000000002,0.024015845730900764,34.200030560000016,7.914767724395736,0.10230066627264023,0.6662783482406097,0.679105037109502,34.200030560000016,0.03109574317932129
6.0796750000000035,0.06714990735054016,35.01693734000003,7.976744464285715,0.11274998635053635,0.6599749837638453,0.6779061197950766,35.01693734000003,0.04422998055815697
8.842816666666666,0.09257470816373825,37.93079939000006,7.979147032892507,0.11715404689311981,0.6609044131603273,0.6919278880666638,37.93079939000006,0.04197699949145317
5.713800000000001,0.11044176667928696,37.11218359999998,7.946673719847651,0.08488612622022629,0.6526619466015801,0.6910883362289925,37.11218359999998,0.06205250695347786
4.7680000000000025,0.0518898144364357,36.55162832000002,7.9360612989540265,0.09850563853979111,0.6444222448108273,0.6817903518440039,36.55162832000002,0.04176642745733261
5.345200000000002,0.04273671656847,35.69199629000002,7.9351539970115805,0.09134615212678909,0.6453668684473135,0.6728070768049582,35.69199629000002,0.03404255211353302
5.203558333333335,0.038303691893815994,33.84797450000002,7.944450552240701,0.10336315631866455,0.6450216034963927,0.6738434481171067,33.84797450000002,0.04257028177380562
5.9124133333333315,0.03037339448928833,33.86848262000001,7.956691148995796,0.10838776081800461,0.6554015223405635,0.6665156375667264,33.86848262000001,0.04525916650891304
8.033274999999998,0.06830059736967087,36.80456179999999,7.993794821498628,0.12152396142482758,0.651915006752866,0.6741119102621622,36.80456179999999,0.051632173359394073
8.605816666666675,0.07148120552301407,37.95472553000002,7.990462910922588,0.13919074833393097,0.64404967705114,0.6749186485130081,37.95472553000002,0.04724177345633507
7.046933333333337,0.05463917553424835,36.691767140000024,7.902850757446809,0.0935342088341713,0.6604911454351655,0.6904308071184422,36.691767140000024,0.048087432980537415
5.849916666666667,0.046770915389060974,35.27157983000001,7.919600325085787,0.08857425302267075,0.647759648150243,0.6869927681833758,35.27157983000001,0.04771963506937027
5.479809999999995,0.03344267979264259,33.875318660000005,7.933919967581806,0.1040654182434082,0.6475296408376655,0.6751751545363105,33.875318660000005,0.03791341930627823
6.350466666666668,0.03852013126015663,34.000076390000004,7.940894263045469,0.09961140900850296,0.6640195294246699,0.6746685674960698,34.000076390000004,0.04653112217783928
7.514325000000001,0.07580907642841339,37.10876558000001,7.965134477825465,0.13032738864421844,0.6569877832090284,0.6758600414522327,37.10876558000001,0.044687505811452866
7.104562500000002,0.07241412252187729,38.12391752000002,7.994042989930287,0.1347329318523407,0.6511950829435976,0.6762635286485428,38.12391752000002,0.04595218598842621
5.583050000000002,0.044375643134117126,34.372640570000044,7.944806567470498,0.09814150631427765,0.6419373420988492,0.6667870985309237,34.372640570000044,0.042229488492012024
5.220316666666671,0.034326668828725815,34.056473719999985,7.945484803188839,0.0984455943107605,0.6625579039146726,0.6811486668069743,34.056473719999985,0.041234370321035385
7.071175000000002,0.043097883462905884,34.234210759999996,7.941843125286129,0.10488913953304291,0.6637210130907416,0.6833553350764922,34.234210759999996,0.04765404760837555
6.036266666666668,0.08172101527452469,37.254031430000055,7.948481774081775,0.11554103344678879,0.6648683525064213,0.6772598183205933,37.254031430000055,0.04026614502072334
7.64175,0.10038269311189651,38.05043009000002,8.04539146110057,0.10741651058197021,0.6531020262769077,0.6778648922424779,38.05043009000002,0.0802113339304924
4.7445,0.033038146793842316,34.85970842000006,7.952900602409639,0.10231023281812668,0.6423162897624259,0.6562450100166008,34.85970842000006,0.0403611995279789
6.438608333333333,0.03617114946246147,34.446128000000044,7.938047652013385,0.10111288726329803,0.663972507086989,0.6939496803275802,34.446128000000044,0.0436510406434536
5.394124999999997,0.09772703796625137,36.84899605999999,7.956933641327174,0.09521503001451492,0.6625613957663459,0.6773908779947408,36.84899605999999,0.05088856816291809
2.9613583333333384,0.09420640766620636,37.78211552000005,8.005064138765631,0.09158089011907578,0.6427800560366227,0.655726649029226,37.78211552000005,0.05935865268111229
6.358350000000003,0.07298658043146133,35.12631398000002,7.969523149135909,0.10550020635128021,0.6431117278921628,0.6565044979604587,35.12631398000002,0.04873752221465111
3.577026666666674,0.12007580697536469,37.512091940000005,8.03770593037215,0.09546854346990585,0.6483706253214,0.6639838608826686,37.512091940000005,0.08399754762649536
6.1485916666666665,0.07467509806156158,36.15513800000002,7.992360010851872,0.08736393600702286,0.6441535176948207,0.6579072853492631,36.15513800000002,0.06594032049179077
7.218275000000004,0.08190250396728516,36.90881141,8.006404511180447,0.10080309957265854,0.6285915827162202,0.6555011123667722,36.90881141,0.06510917097330093
5.532990000000003,0.0571165606379509,35.97227393000003,7.98560351541943,0.10006868839263916,0.6286860434258605,0.658099442319978,35.97227393000003,0.06213274598121643
8.512324999999999,0.07514631003141403,36.30211286000002,7.990384085847338,0.11536966264247894,0.636964424859145,0.6729783229500725,36.30211286000002,0.05650182068347931
7.623250000000004,0.04329027608036995,36.238879490000045,7.956436059156156,0.1074681207537651,0.6280851216956419,0.6638426410993389,36.238879490000045,0.04506463557481766
5.594141666666664,0.06585858762264252,36.973753790000046,7.999715536851684,0.10980550944805145,0.6283616893405982,0.6533886096089628,36.973753790000046,0.05315011739730835
