Dissolved Oxygen,Salinity,Temperature,pH,Turbidity,Dissolved Organic Matter,Suspended Matter,Temperature,Chlorophyll
8.5991,0.09142053127288818,24.397149200000058,7.259349146110058,-0.20930232107639313,0.4096880246484272,0.4710652797878811,24.397149200000058,0.01670951209962368
8.6648,0.08969210088253021,23.91008135000004,7.234793296089386,-0.2171691358089447,0.4206613541881304,0.4701609959759679,23.91008135000004,0.012250160798430443
9.0293,0.10526315867900848,24.82781971999998,7.215584229390681,-0.21811915934085846,0.4133525661810007,0.46912994116023116,24.82781971999998,0.015499070286750793
9.408550000000002,0.12156862765550613,25.496042630000034,7.328964458804524,-0.20208728313446045,0.4127511426593818,0.4707457733341469,25.496042630000034,0.022093024104833603
8.822600000000001,0.07994389533996582,24.653500699999995,7.103289575289576,-0.21638017892837524,0.47511505563734036,0.5380304324810115,24.653500699999995,0.01587301678955555
8.82855,0.09677419066429138,24.696225949999985,7.091130693069307,-0.21809862554073334,0.4715608598143324,0.5351928027496399,24.696225949999985,0.012836970388889313
8.818200000000001,0.14202049374580383,24.752623280000023,7.123294003868472,-0.21215090155601501,0.44602055843385896,0.5076575208690423,24.752623280000023,-0.0024937656708061695
8.70335,0.10644257813692093,23.882737190000057,7.139850000000001,-0.2206619828939438,0.4020890908051251,0.46394026841341907,23.882737190000057,-0.0019342360319569707
8.64425,0.1042780727148056,23.920335410000007,7.1486212121212125,-0.22348298132419586,0.40388413138907653,0.4664928470928447,23.920335410000007,0.003797468263655901
8.6561,0.11228533834218979,23.862229070000012,7.140229357798166,-0.22989052534103394,0.4040629476924587,0.4669555497163197,23.862229070000012,0.00857843179255724
8.58025,0.10424710065126419,24.397149200000058,7.13846654275093,-0.22103212773799896,0.40631338811259277,0.46683839734995053,24.397149200000058,0.005593536421656609
8.9854,0.11053316295146942,24.486017720000007,7.1604857685009495,-0.23038728535175323,0.40537484037977184,0.46714075382491804,24.486017720000007,0.010217113420367241
8.844050000000001,0.10780669003725052,24.49627178000003,7.174035781544257,-0.22781065106391907,0.4045589586762764,0.46682439851224256,24.49627178000003,0.0076045626774430275
9.15605,0.12543153762817383,24.57830425999998,7.197891743119266,-0.21086420118808746,0.40301664675087406,0.46469303803712597,24.57830425999998,0.016009852290153503
8.96135,0.1226215660572052,24.725279119999982,7.313631756756758,-0.20952381193637848,0.41417615147861775,0.47408812465658323,24.725279119999982,0.02237926982343197
8.62515,0.10000000149011612,24.562923169999976,7.1252281368821295,-0.20600000023841858,0.4710759448866193,0.534452286104816,24.562923169999976,0.013051585294306278
8.65305,0.10806696861982346,24.369805040000017,7.092768316831684,-0.20726172626018524,0.44496944949803685,0.5051318615612361,24.369805040000017,0.008201892487704754
8.64395,0.14152410626411438,24.45696455000001,7.100108949416343,-0.21086420118808746,0.41170003726503185,0.4589739015177999,24.45696455000001,0.0012499999720603228
8.6622,0.13636364042758942,24.27580949000003,7.124791907514451,-0.21182744204998016,0.40437281191614927,0.4519340017015484,24.27580949000003,-0.001231527072377503
8.60615,0.1071428582072258,24.286063549999994,7.094500967117989,-0.2219475954771042,0.4042865284010735,0.4668418381064223,24.286063549999994,0.003797468263655901
8.5615,0.10693641752004623,24.248465330000045,7.113521988527725,-0.22386588156223297,0.3831272766958993,0.4422918582962461,24.248465330000045,0.0
8.46245,0.11688311398029327,24.222830180000017,7.1223557692307695,-0.22513607144355774,0.38491547527969855,0.4431811517116599,24.222830180000017,0.0006381620769388974
8.639050000000001,0.10614524781703949,24.245047310000018,7.12273156899811,-0.23523716628551483,0.3646698935425386,0.4345765934673471,24.245047310000018,0.00441083824262023
8.71745,0.10136986523866653,24.27580949000003,7.119765714285715,-0.2363460659980774,0.365869439749646,0.43533634275662575,24.27580949000003,0.0006325110443867743
8.7028,0.10872483253479004,24.41423930000002,7.155996190476191,-0.23236310482025146,0.36272956017116753,0.4342992513595353,24.41423930000002,0.007019782904535532
8.7284,0.11432325839996338,24.403985239999997,7.174609108159393,-0.23099851608276367,0.36150703893090774,0.4319784743536878,24.403985239999997,0.006418485194444656
9.1033,0.11787072569131851,24.434747420000008,7.125414201183433,-0.21669979393482208,0.38231932612180886,0.4583688484228348,24.434747420000008,0.0
9.01395,0.11764705926179886,24.550960099999998,7.192020560747664,-0.21484375,0.3840994109121352,0.4424505937545303,24.550960099999998,0.01711491495370865
9.182300000000001,0.14128035306930542,24.84149180000003,7.189982300884957,-0.21378009021282196,0.40375355799284735,0.464816355444059,24.84149180000003,0.01826753094792366
9.280800000000001,0.11705069243907928,25.331977670000015,7.30271319018405,-0.17974452674388885,0.40464601110904236,0.4664901970480164,25.331977670000015,0.012087912298738956
8.3371,0.10333863645792007,24.07414631000006,7.179970260223049,-0.21026156842708588,0.41262106643117286,0.47576774099242325,24.07414631000006,0.02241593971848488
8.373899999999999,0.12038522958755493,24.245047310000018,7.154502782931354,-0.218082457780838,0.40437281191614927,0.4522665506358395,24.245047310000018,0.018091078847646713
8.5029,0.09984639286994934,24.23308424000004,7.112813461538462,-0.21055202186107635,0.40496360861620245,0.468719212090276,24.23308424000004,0.001852995716035366
8.46505,0.08148147910833359,24.178395920000014,7.0985000000000005,-0.22889214754104614,0.3841595109607836,0.44471957115839966,24.178395920000014,0.0031545741949230433
8.4971,0.09337349236011505,24.214285130000007,7.112543396226416,-0.23152227699756622,0.37301559748684454,0.4340209257690717,24.214285130000007,0.0082122553139925
8.593200000000001,0.10778442770242691,24.171559880000018,7.134253759398497,-0.2274719923734665,0.37348944860153815,0.4338011683383025,24.171559880000018,0.001887979917228222
8.62555,0.10355029255151749,24.19377701000002,7.13637786259542,-0.22612085938453674,0.3728448075871365,0.45033391337254225,24.19377701000002,0.0012578616151586175
8.6881,0.10625910013914108,24.260428400000023,7.141112595419848,-0.22612085938453674,0.37089915036620985,0.4314514913907813,24.260428400000023,0.005635566543787718
8.6468,0.10315186530351639,24.243338300000005,7.151675623800385,-0.22379326820373535,0.3705070793827361,0.4302710495538709,24.243338300000005,0.008099688217043877
8.7195,0.1312849223613739,24.27580949000003,7.155953033268102,-0.21599219739437103,0.3695269019240516,0.42985521208859556,24.27580949000003,0.005565862637013197
8.9352,0.11320754885673523,24.30998969000001,7.14571062992126,-0.21459853649139404,0.3690745123277357,0.4315083010184265,24.30998969000001,0.006157635245472193
9.0386,0.126137837767601,24.400567220000028,7.131898076923077,-0.21515299379825592,0.38336196415482476,0.44121702996502804,24.400567220000028,0.009196811355650425
9.01195,0.1386503130197525,24.44500148000003,7.157571428571429,-0.2125907987356186,0.38397420076707,0.4428960971198392,24.44500148000003,0.004286589100956917
9.1727,0.13684210181236267,25.015810820000013,7.1812000000000005,-0.20650096237659454,0.38235350449889816,0.4414404534526734,25.015810820000013,0.007177033461630344
9.427399999999999,0.15857605636119843,27.58957988000003,7.2278444084278775,-0.1986909806728363,0.40461381126766965,0.46790033228642197,27.58957988000003,0.0023282887414097786
7.733500000000001,0.13272543251514435,24.164723840000022,7.509837908496732,-0.14796152710914612,0.4269540254808943,0.47679873195389516,24.164723840000022,0.05343511328101158
8.328050000000001,0.08280254900455475,24.11687156000005,7.1341198501872665,-0.197645902633667,0.4054941033513458,0.46941187894510833,24.11687156000005,-0.0006116207805462182
8.267800000000001,0.09284627437591553,24.098072450000018,7.114853107344633,-0.2096618413925171,0.386038578190549,0.44674102375457425,24.098072450000018,-0.0006116207805462182
8.3332,0.0995405837893486,24.110035519999997,7.0845617977528095,-0.22897423803806305,0.3716514813000155,0.4332750395369807,24.110035519999997,0.010605115443468094
8.3475,0.11455108225345612,24.075855320000016,7.109260223048327,-0.22421307861804962,0.37263555320522807,0.4335141798270552,24.075855320000016,0.0024906599428504705
8.5572,0.10479041934013367,24.08952740000001,7.121082862523541,-0.22920696437358856,0.37103848301253267,0.4498397588981742,24.08952740000001,0.0037499999161809683
8.57705,0.11773472279310226,24.20744909000001,7.132828301886793,-0.2221686691045761,0.3701498591533488,0.4332750395369807,24.20744909000001,0.0006191950524225831
8.68305,0.11176470667123795,24.188649980000037,7.1096326923076925,-0.2189006805419922,0.3701498591533488,0.4471663003465633,24.188649980000037,0.0036900369450449944
8.61585,0.1246376782655716,24.169850870000005,7.173039848197344,-0.22454944252967834,0.36943251446506714,0.4324353592278005,24.169850870000005,0.011180124245584011
8.68135,0.11516854166984558,24.248465330000045,7.143550583657588,-0.21629485487937927,0.3690745123277357,0.43178227454288265,24.248465330000045,0.00676090968772769
8.8417,0.11684782803058624,24.25871939000001,7.118495164410058,-0.21751825511455536,0.3582488821052564,0.4309906750124905,24.25871939000001,0.005565862637013197
9.03025,0.1357048749923706,24.23650226000001,7.122447876447877,-0.21667474508285522,0.38130596065095596,0.4586742217854341,24.23650226000001,-0.002481389557942748
9.0806,0.13432836532592773,24.364678010000034,7.159817490494297,-0.21658536791801453,0.3808851739071986,0.45795701121072524,24.364678010000034,-0.0006230529397726059
9.0904,0.14148680865764618,24.983339630000046,7.206040293040294,-0.20894071459770203,0.4066893109658614,0.47263376880483926,24.983339630000046,0.0018393623176962137
8.99905,0.13225057721138,25.237982120000026,7.271544537815126,-0.20153182744979858,0.40685984569937544,0.47301990750484335,25.237982120000026,0.0017953321803361177
8.14275,0.1056661531329155,23.96476967000001,7.136360861759426,-0.20323655009269714,0.3871175713334564,0.44702980269688486,23.96476967000001,0.0
8.1422,0.10493826866149902,23.92204442000002,7.141023049645391,-0.21651464700698853,0.36994753012821213,0.43202484885442355,23.92204442000002,0.010309278033673763
8.27435,0.14415781199932098,23.98698680000001,7.123969202898551,-0.21639657020568848,0.3703125859108529,0.43164116781636463,23.98698680000001,0.003636363660916686
8.4307,0.07539118081331253,23.998949870000047,7.137337016574586,-0.22016167640686035,0.35035687756663225,0.41157781987521064,23.998949870000047,0.001825928222388029
8.4606,0.13274335861206055,24.053638190000015,7.151904059040591,-0.21499763429164886,0.35078155256974336,0.4112119729242104,24.053638190000015,0.000604229629971087
8.49985,0.1330343782901764,24.036548089999997,7.128147169811321,-0.21183206140995026,0.3491077482970861,0.42316731921389167,24.036548089999997,0.0006049606599844992
8.5139,0.12426035851240158,24.104908490000014,7.152160305343512,-0.21751683950424194,0.3483605142467927,0.4219168639261951,24.104908490000014,0.0018416206585243344
8.5874,0.12790697813034058,24.176686910000058,7.139223484848485,-0.21287842094898224,0.368742759957104,0.4307559986094402,24.176686910000058,-0.00676090968772769
8.88415,0.12552891671657562,24.18523196000001,7.13018582375479,-0.2175590991973877,0.37072149320182324,0.43201551907321045,24.18523196000001,0.0018461538711562753
8.9114,0.12087912112474442,24.180104930000027,7.114403846153847,-0.2184019386768341,0.3592333716393973,0.43040622714550036,24.180104930000027,0.0012376237427815795
9.09225,0.1304347813129425,24.470636630000058,7.130554263565892,-0.2159533053636551,0.361855513038225,0.4335085043691082,24.470636630000058,0.0006199628114700317
9.27305,0.12332112342119217,24.672299810000027,7.152845714285714,-0.21794246137142181,0.3790527366444148,0.45553172265711994,24.672299810000027,0.002487562131136656
9.156600000000001,0.15365853905677795,24.819274670000027,7.178458563535912,-0.21129503846168518,0.38094815606533705,0.4394247436195562,24.819274670000027,0.0036900369450449944
8.72045,0.11403508484363556,25.492624610000007,7.28022056384743,-0.1986691951751709,0.40361963621462404,0.46954181994966065,25.492624610000007,0.007067137863487005
8.357800000000001,0.1320754736661911,26.30611337000005,7.465811170212766,-0.18345323204994202,0.4206886646336007,0.47148593964442076,26.30611337000005,0.026273459196090698
7.9155,0.10397553443908691,23.908372340000028,7.189198618307428,-0.19714964926242828,0.4076237992723088,0.46798778082925985,23.908372340000028,0.007050528656691313
8.0078,0.11145510524511337,23.892991250000023,7.172972555746141,-0.2018691599369049,0.3863625924708861,0.4447799130269422,23.892991250000023,0.0011695906287059188
7.843850000000001,0.12164296954870224,23.87931917000003,7.179786324786326,-0.2118644118309021,0.3704299408618391,0.4307559986094402,23.87931917000003,0.004756242502480745
8.176,0.14764079451560974,23.97673273999999,7.1426742556917695,-0.20903955399990082,0.3702314528619685,0.4308041523189271,23.97673273999999,0.00767867686226964
8.28195,0.08262108266353607,23.915208380000024,7.133266547406083,-0.20934578776359558,0.3526330414459501,0.4122711814805317,23.915208380000024,0.005291005130857229
8.2383,0.14200298488140106,23.957933630000014,7.156301075268818,-0.20710612833499908,0.350733922037121,0.413021334975483,23.957933630000014,-0.0005899704992771149
8.379950000000001,0.1312217265367508,24.009203930000012,7.147940217391305,-0.20774315297603607,0.3488936514585312,0.4246165223618845,24.009203930000012,-0.000596302910707891
8.358550000000001,0.12927190959453583,24.005785909999986,7.140537892791128,-0.20910383760929108,0.34829826980075207,0.4235458865668367,24.005785909999986,-0.004819277208298445
8.4628,0.13569322228431702,24.010912940000026,7.105508474576272,-0.20974677801132202,0.34829826980075207,0.40886029239115446,24.010912940000026,-0.003032140666618943
8.585650000000001,0.1257142871618271,24.062183240000024,7.1310224719101125,-0.21493537724018097,0.3492821632182683,0.40934415072534514,24.062183240000024,0.0
8.6349,0.11921458691358566,24.118580570000006,7.125551401869159,-0.2144230753183365,0.37044099753264126,0.43284973370674806,24.118580570000006,0.0030506406910717487
8.9539,0.1464088410139084,24.351005930000042,7.1143429118773955,-0.215458944439888,0.3727249407888124,0.4347802029114285,24.351005930000042,0.0006153846043162048
9.20665,0.14888010919094086,24.4484195,7.104142300194932,-0.2195121943950653,0.3712135897695168,0.43145344424317794,24.4484195,0.004355942830443382
9.09225,0.120310477912426,24.562923169999976,7.125432950191572,-0.21589793264865875,0.39316905461726237,0.4415414849010387,24.562923169999976,-0.0006261740927584469
8.87545,0.10648714751005173,24.494562770000016,7.202061261261262,-0.20894071459770203,0.4172879729905754,0.46950604533480733,24.494562770000016,-0.0018461538711562753
8.982,0.10473815351724625,24.615902480000045,7.177584699453552,-0.2081911265850067,0.4198176736095146,0.4899618812693434,24.615902480000045,-0.008069521747529507
9.00925,0.11320754885673523,24.877381010000022,7.213878682842288,-0.20058564841747284,0.4119090751108125,0.4700697951139564,24.877381010000022,-0.0024479804560542107
7.93235,0.12316715717315674,23.887864219999983,7.209930194805195,-0.18888889253139496,0.42530947099454375,0.47474326247666876,23.887864219999983,0.02666666731238365
7.76405,0.13572542369365692,23.908372340000028,7.215740237691002,-0.20077407360076904,0.40850040959332456,0.46939369015599874,23.908372340000028,0.019584570080041885
7.63095,0.12520325183868408,23.92717145000006,7.242326086956522,-0.19808153808116913,0.3863625924708861,0.4449696655495646,23.92717145000006,0.014150943607091904
7.8125,0.12012986838817596,23.93913452000004,7.207315789473684,-0.19811764359474182,0.3700122512912982,0.4310358920458335,23.93913452000004,0.011027278378605843
7.6537,0.12479740381240845,23.981859770000028,7.229042975206612,-0.19778700172901154,0.3696474915798518,0.4312321743281859,23.981859770000028,0.007981755770742893
7.94125,0.13185185194015503,23.95280660000003,7.200157807308971,-0.20219579339027405,0.3533671837945538,0.4133517158373416,23.95280660000003,0.00909090880304575
7.8671500000000005,0.13946586847305298,23.925462440000047,7.172213921901529,-0.20254313945770264,0.35008441477408925,0.4118864784250574,23.925462440000047,0.0
8.0137,0.12130177766084671,23.93913452000004,7.178922547332187,-0.20496323704719543,0.3493699567847544,0.42571791675435894,23.93913452000004,0.0023068049922585487
8.22355,0.11695906519889832,23.97673273999999,7.133984238178634,-0.19925512373447418,0.3478111393534783,0.42349368521436753,23.97673273999999,0.0011614401591941714
8.30425,0.13428571820259094,23.959642640000027,7.144765734265735,-0.20205318927764893,0.34770288814297307,0.40888636172709963,23.959642640000027,0.003496503457427025
8.51505,0.17018283903598785,24.028003040000044,7.127452423698385,-0.20526067912578583,0.3697320094807984,0.4353271446975148,24.028003040000044,0.007624633610248566
8.596400000000001,0.14488635957241058,24.005785909999986,7.0985000000000005,-0.21042653918266296,0.37021913992807215,0.43411908776453917,24.005785909999986,0.0
8.7585,0.12742382287979126,24.20744909000001,7.094621013133208,-0.21241049468517303,0.3715441032915206,0.4341497507566577,24.20744909000001,0.0024183797650039196
8.8682,0.11049723625183105,24.321952760000045,7.094561904761905,-0.2175590991973877,0.3909419532185589,0.45461229317977275,24.321952760000045,0.012180267833173275
8.8352,0.11560693383216858,24.451837520000026,7.118341650671786,-0.21206225454807281,0.3933403701094703,0.44094750614336997,24.451837520000026,0.003076923079788685
8.97315,0.11229946464300156,24.31853474000002,7.1214282982791595,-0.21277640759944916,0.40310156068496206,0.46762936724837784,24.31853474000002,-0.0069138905964791775
8.9538,0.09778357297182083,24.364678010000034,7.124392789373815,-0.2110726684331894,0.41869721585147096,0.46824192864115805,24.364678010000034,-0.008849557489156723
9.158150000000001,0.14180928468704224,24.243338300000005,7.161814744801513,-0.21799999475479126,0.411157757472278,0.47028794434268656,24.243338300000005,0.006353239994496107
9.4056,0.15635545551776886,24.38689513999998,7.187538321167883,-0.21699999272823334,0.4314802434220278,0.47649043400012336,24.38689513999998,0.013232514262199402
9.112300000000001,0.1463414579629898,24.891053090000014,7.236333333333334,-0.20077034831047058,0.46179602531939123,0.5107357805284852,24.891053090000014,0.0018039686838164926
7.59285,0.1532125174999237,24.08098235,7.269626409017714,-0.1909594088792801,0.37077783930361846,0.4316720134921822,24.08098235,0.025013895705342293
7.6212,0.13071896135807037,24.010912940000026,7.25034262295082,-0.19981369376182556,0.3705710990869341,0.43201551907321045,24.010912940000026,0.019965773448348045
7.7879000000000005,0.12302839010953903,23.94767956999999,7.195424957841484,-0.19944211840629578,0.3524271488326024,0.4116417598294164,23.94767956999999,0.014310246333479881
7.9034,0.141579732298851,23.975023730000032,7.198931323283082,-0.2066420614719391,0.34829826980075207,0.40934415072534514,23.975023730000032,0.01770416833460331
7.937250000000001,0.13224367797374725,23.863938080000025,7.203235197368421,-0.20512820780277252,0.34695866107074924,0.4075505190971669,23.863938080000025,0.012514220550656319
8.051599999999999,0.10086455196142197,23.84855699000002,7.144444444444445,-0.19981499016284943,0.36924487903352454,0.43421898500969386,23.84855699000002,0.017045455053448677
8.21435,0.13093525171279907,23.915208380000024,7.147726190476191,-0.19703291356563568,0.36924487903352454,0.43513239064159126,23.915208380000024,0.007449856959283352
8.38215,0.13793103396892548,24.002367890000016,7.133984238178634,-0.20408163964748383,0.37014419678233773,0.436958154355257,24.002367890000016,0.0011641443707048893
8.42535,0.1339031308889389,23.95280660000003,7.128035714285715,-0.21203573048114777,0.3720667970598494,0.4368983872953825,23.95280660000003,0.005931198131293058
8.60425,0.12907801568508148,24.176686910000058,7.127981718464351,-0.20930232107639313,0.3920861391588702,0.4591815591469889,24.176686910000058,0.011862396262586117
8.71465,0.12482065707445145,24.243338300000005,7.100054511278196,-0.21188877522945404,0.4174155720483507,0.4698634776709294,24.243338300000005,0.012612612918019295
8.8173,0.1265060305595398,24.145924730000047,7.112704198473283,-0.21407906711101532,0.40432018155271615,0.4692460486595353,24.145924730000047,0.005491153337061405
9.11305,0.11901504546403885,24.28093652000001,7.1065447470817125,-0.21114370226860046,0.4176454249834061,0.4847719548962679,24.28093652000001,-0.010644959285855293
9.0919,0.1328125,24.260428400000023,7.112256360078279,-0.21238937973976135,0.4375333023635683,0.4990100123128017,24.260428400000023,-0.013924051076173782
9.17515,0.1428571492433548,24.303153650000013,7.09115976331361,-0.21209117770195007,0.4537698897559663,0.49968217019576616,24.303153650000013,-0.01403061207383871
9.432400000000001,0.12018140405416489,24.36296900000002,7.127237451737452,-0.2123015820980072,0.4628960254921745,0.5266846439137999,24.36296900000002,-0.008253968320786953
9.16395,0.12930011749267578,24.756041299999993,7.185794444444445,-0.2120019644498825,0.4808807597595934,0.5283268505361789,24.756041299999993,-0.008816121146082878
8.97395,0.11778291314840317,24.791930510000043,7.262498305084746,-0.20555821061134338,0.5169044156092872,0.5389788587505386,24.791930510000043,-0.0006035002879798412
7.6871,0.11605723202228546,23.96989670000005,7.22997528830313,-0.20183485746383667,0.3472265828167498,0.4080846302615748,23.96989670000005,0.02684563770890236
7.754150000000001,0.12217194586992264,23.906663330000015,7.231337726523888,-0.20477502048015594,0.37109024378672645,0.4344643705294922,23.906663330000015,0.01646791584789753
7.80455,0.11764705926179886,23.90324530999999,7.187816000000001,-0.20970696210861206,0.37292587888227424,0.4368186258740291,23.90324530999999,0.01820250228047371
8.2601,0.12534819543361664,23.816085799999996,7.1096756756756765,-0.2009216547012329,0.3708778383316184,0.4336015818794396,23.816085799999996,0.021444695070385933
8.1749,0.12517580389976501,23.85710204000003,7.110314285714287,-0.19356322288513184,0.3712280534764075,0.4350048232447453,23.85710204000003,0.010158013552427292
8.16685,0.13372093439102173,23.971605710000006,7.142430016863407,-0.20148560404777527,0.3703992862821583,0.4339169284844429,23.971605710000006,0.008645533584058285
8.21585,0.13497823476791382,23.96476967000001,7.139993079584776,-0.21391631662845612,0.3730555407753157,0.43555978257179845,23.96476967000001,0.016470588743686676
8.459150000000001,0.13030746579170227,24.13737967999998,7.132833935018051,-0.20774315297603607,0.38219405766632986,0.45791858432811694,24.13737967999998,0.011196228675544262
8.48995,0.11964549124240875,24.16301483000001,7.1031287313432845,-0.21030043065547943,0.41587529318470373,0.4664928470928447,24.16301483000001,0.01075268816202879
8.5895,0.11144130676984787,24.07414631000006,7.090608778625954,-0.21057692170143127,0.4213049658685748,0.47078604725688655,24.07414631000006,-0.0012195121962577105
8.90505,0.11299435049295425,24.152760769999986,7.070288499025342,-0.2085769921541214,0.43411934622500886,0.4996028444555287,24.152760769999986,-0.01120796985924244
9.03585,0.12208504974842072,24.24675632000003,7.093616141732284,-0.21024125814437866,0.4356729793830933,0.4841383580920179,24.24675632000003,-0.013265950605273247
9.05805,0.14100906252861023,24.304862660000026,7.075618577075099,-0.21653543412685394,0.47798677992522004,0.5142521737784955,24.304862660000026,-0.011435831896960735
9.1493,0.14534161984920502,24.369805040000017,7.094373253493014,-0.21958456933498383,0.49738338335449395,0.5511265897625875,24.369805040000017,-0.012836970388889313
9.13245,0.11442785710096359,24.463800590000005,7.134913894324853,-0.22826087474822998,0.49956266438655955,0.5395754723798967,24.463800590000005,-0.005148005206137896
9.1476,0.11276332288980484,24.55266911000001,7.18812932604736,-0.2122092992067337,0.5282665967639432,0.56451645895651,24.55266911000001,-0.003703703638166189
7.74225,0.11380880326032639,23.928880460000016,7.172480830670927,-0.19524019956588745,0.37187538344880305,0.43653698910686345,23.928880460000016,0.00814774539321661
7.7722,0.10810811072587967,23.863938080000025,7.172410628019324,-0.20017993450164795,0.37149714098386105,0.4349407569006868,23.863938080000025,0.013318534940481186
7.94355,0.10588235408067703,23.862229070000012,7.160056634304207,-0.2073059380054474,0.3727503843510355,0.4363159577199739,23.862229070000012,0.022522522136569023
8.30965,0.1214953288435936,23.83146689,7.073183673469388,-0.20459769666194916,0.37062808894553656,0.43310261573228265,23.83146689,0.031354982405900955
8.26355,0.1355932205915451,23.863938080000025,7.106170320404722,-0.19907833635807037,0.36000962328893366,0.43462613480267176,23.863938080000025,0.01585504040122032
8.11185,0.13274335861206055,23.920335410000007,7.160351260504202,-0.20372092723846436,0.359654879504508,0.43374167932108093,23.920335410000007,0.019473081454634666
8.1576,0.12316715717315674,23.94426155000002,7.160418244406197,-0.20938967168331146,0.38175626378584154,0.4398783853229753,23.94426155000002,0.019219569861888885
8.440199999999999,0.09867452085018158,23.971605710000006,7.10983912248629,-0.20998117327690125,0.4023882642357837,0.46371120670117655,23.971605710000006,0.011196228675544262
8.5323,0.1230769231915474,24.01603997000001,7.0845617977528095,-0.20743919909000397,0.42150075152244965,0.4734114802759566,24.01603997000001,0.004194128327071667
8.738700000000001,0.11010558158159256,24.05534720000003,7.082596153846154,-0.20809248089790344,0.435931007555108,0.5022807922480507,24.05534720000003,-0.007970570586621761
8.8918,0.10857142508029938,24.07756433000003,7.0628254901960785,-0.2138671875,0.43487137943757004,0.48402768460768214,24.07756433000003,-0.0062500000931322575
8.723700000000001,0.11691884696483612,24.245047310000018,7.06706432748538,-0.21411073207855225,0.4670165915334936,0.513494806806804,24.245047310000018,-0.008170961402356625
9.22255,0.12303665280342102,24.22795721,7.0424880478087655,-0.22331048548221588,0.4879356509036436,0.5517404517582266,24.22795721,-0.00890585221350193
9.10085,0.10133333504199982,24.292899590000047,7.076215568862276,-0.22695738077163696,0.5079113700996445,0.5414470591730196,24.292899590000047,-0.005154639016836882
9.25925,0.09208820015192032,24.378350090000026,7.052365702479339,-0.23957809805870056,0.5050614542610219,0.5387900125358565,24.378350090000026,0.0
9.1107,0.09685863554477692,24.439874450000048,7.1017948207171315,-0.23399999737739563,0.5479238312864758,0.5686285330571497,24.439874450000048,-0.002617801073938608
7.59215,0.11576011031866074,23.677655990000005,7.232206586826348,-0.19433718919754028,0.38682618102572397,0.4413565341045191,23.677655990000005,0.011578947305679321
7.87975,0.10439560562372208,23.643475790000025,7.209655913978495,-0.19541244208812714,0.3864200168511518,0.44696953578718523,23.643475790000025,0.012987012974917889
7.83755,0.10511363297700882,23.708418170000016,7.19363036809816,-0.20140720903873444,0.3643341017436964,0.432792408039622,23.708418170000016,0.014650027267634869
7.82385,0.10181310772895813,23.691328070000054,7.217644067796611,-0.2073170691728592,0.3606775202380072,0.42946323567008643,23.691328070000054,0.017808958888053894
7.652750000000001,0.09580838680267334,23.83659392000004,7.16489666136725,-0.19353429973125458,0.36924487903352454,0.4334490931923008,23.83659392000004,0.007526881527155638
7.794700000000001,0.10179640352725983,23.788741640000012,7.162373983739838,-0.19946809113025665,0.3697067933164689,0.43309070317078846,23.788741640000012,0.018478261306881905
8.017900000000001,0.12383900582790375,23.809249760000057,7.129984771573604,-0.20307552814483643,0.370601967150165,0.43435097970501774,23.809249760000057,0.02328159660100937
8.1301,0.11078286916017532,23.819503820000023,7.046812500000001,-0.19480518996715546,0.3815030463458169,0.46000594461078104,23.819503820000023,0.010826210491359234
8.3465,0.11271676421165466,23.83659392000004,7.0527170474516705,-0.18956683576107025,0.38187556261827454,0.44108243199812935,23.83659392000004,0.007981755770742893
8.37055,0.12187959253787994,23.788741640000012,7.078383783783784,-0.1939736306667328,0.3842615916111265,0.4423564876248124,23.788741640000012,0.008111239410936832
8.46325,0.141579732298851,23.833175900000015,7.092441391941392,-0.1986786276102066,0.4046957359121072,0.4659898876480834,23.833175900000015,-0.0005892752087675035
8.59955,0.1251840889453888,23.954515610000044,7.0938712686567165,-0.20438304543495178,0.4108847896664872,0.47110225923117505,23.954515610000044,-0.005418422631919384
8.686,0.11578947305679321,24.002367890000016,7.072607210626186,-0.20613615214824677,0.4370415629050128,0.5013620094007947,24.002367890000016,-0.004244997166097164
8.7024,0.1295180767774582,24.058765220000055,7.07220809248555,-0.21238510310649872,0.4757433064687093,0.5275007026602274,24.058765220000055,-0.003699136897921562
8.87435,0.10533910244703293,24.084400370000026,7.0447775590551185,-0.22238731384277344,0.47565229015757554,0.5268946122320464,24.084400370000026,0.0082122553139925
8.8002,0.09985934942960739,24.23992027999998,7.0342509960159365,-0.21457086503505707,0.5022380493651832,0.5533078962234488,24.23992027999998,0.005685407668352127
9.01365,0.09433962404727936,24.251883350000014,7.079415384615385,-0.204365074634552,0.5109347502708566,0.559819060531982,24.251883350000014,-0.010075566358864307
8.8679,0.09485094994306564,24.30657167000004,7.1113217054263576,-0.21531575918197632,0.5307271979467494,0.565783941229456,24.30657167000004,-0.007019782904535532
9.2212,0.10242587327957153,24.366387020000047,7.056723711340206,-0.22544528543949127,0.5321755157166252,0.5675088922697897,24.366387020000047,0.006527415011078119
9.14105,0.09607578068971634,24.400567220000028,7.07059509202454,-0.23184777796268463,0.5565243937172347,0.5944936588995782,24.400567220000028,-0.0019595036283135414
9.1518,0.11168830841779709,24.709898029999977,7.104886100386101,-0.2273603081703186,0.5735031040340318,0.6115123340320345,24.709898029999977,-0.011987381614744663
8.0789,0.13286712765693665,23.393960330000027,7.233643902439025,-0.2047872394323349,0.41924655803390376,0.49204944401365885,23.393960330000027,0.028169013559818268
8.17275,0.12256267666816711,23.660565890000044,7.215680781758958,-0.20070423185825348,0.39961262277778953,0.4601629474882036,23.660565890000044,0.028357410803437233
7.801400000000001,0.10926694422960281,23.687910050000028,7.2105578446909675,-0.20398440957069397,0.36106536998479566,0.420189112640666,23.687910050000028,0.026998411864042282
7.69855,0.13176144659519196,23.63663975000003,7.241438271604939,-0.19674935936927795,0.3634935873852782,0.4348171249603993,23.63663975000003,0.022384174168109894
7.98585,0.13758864998817444,23.660565890000044,7.183270735524257,-0.19184759259223938,0.366823988325861,0.43875521455837935,23.660565890000044,0.017241379246115685
7.7239,0.12242090702056885,23.595623509999996,7.211158295281583,-0.19508057832717896,0.36769221078343695,0.43695387350154147,23.595623509999996,0.010427528992295265
7.74765,0.1111111119389534,23.612713610000014,7.207382039573821,-0.19319668412208557,0.3718559438370393,0.443240092838235,23.612713610000014,0.023746700957417488
7.920800000000001,0.10888252407312393,23.657147870000017,7.23720985691574,-0.1929347813129425,0.3663907221172808,0.434469826937268,23.657147870000017,0.018722467124462128
7.8656,0.10921985656023026,23.657147870000017,7.24367868338558,-0.2007073312997818,0.3650905047230951,0.4332158839770384,23.657147870000017,0.016322089359164238
7.90155,0.09957924485206604,23.629803710000033,7.226379905808478,-0.200524240732193,0.3621200938118866,0.43085053215418234,23.629803710000033,0.00920411478728056
7.7217,0.101408451795578,23.61954965000001,7.226916149068323,-0.1936897486448288,0.3627077398706278,0.4340209257690717,23.61954965000001,0.017094017937779427
7.799300000000001,0.10157367587089539,23.54948023999998,7.185983257229833,-0.19343696534633636,0.36158364563549156,0.4336015818794397,23.54948023999998,0.015806112438440323
7.81095,0.13229018449783325,23.773360550000007,7.172154687500001,-0.19160105288028717,0.36261133197998774,0.434352314274482,23.773360550000007,0.015450186096131802
7.87575,0.11915535479784012,23.756270449999988,7.133633986928105,-0.19126637279987335,0.37307037632244433,0.43342321841507137,23.756270449999988,0.023721665143966675
7.8987,0.11042945086956024,23.759688470000015,7.129580065359478,-0.19156414270401,0.3619492509394708,0.4342747375082247,23.759688470000015,0.025423727929592133
7.802900000000001,0.10179640352725983,23.739180350000026,7.147467105263158,-0.19364799559116364,0.36043584020243835,0.43405012905314705,23.739180350000026,0.020889127627015114
7.90765,0.10670731961727142,23.716963220000025,7.14307296849088,-0.18969346582889557,0.3803538858428388,0.4598258804112364,23.716963220000025,0.012452625669538975
7.9293000000000005,0.10764430463314056,23.708418170000016,7.10414505119454,-0.2016201615333557,0.3797239386208962,0.4596149769068893,23.708418170000016,0.013896609656512737
8.1991,0.11384615302085876,23.87077412000002,7.066468309859156,-0.20091533660888672,0.40208224696847605,0.46525133238158856,23.87077412000002,0.011325028724968433
8.33335,0.09649122506380081,23.862229070000012,7.094101063829788,-0.18686401844024658,0.39350906473034225,0.4669555497163197,23.862229070000012,-0.008605851791799068
8.42465,0.12427745759487152,23.819503820000023,7.099998188405797,-0.19130845367908478,0.4116415965769641,0.4716095270466866,23.819503820000023,-0.007651559542864561
8.6147,0.1497175097465515,23.869065110000008,7.074893186003684,-0.19602273404598236,0.43609662584834463,0.4990100123128017,23.869065110000008,-0.011918950825929642
8.436,0.08296943455934525,23.940843530000052,7.103811009174312,-0.20381861925125122,0.4520387222037717,0.5169431846302931,23.940843530000052,-0.008464328944683075
8.63175,0.10447761416435242,23.980150760000015,7.079105065666042,-0.20000000298023224,0.47603131686704137,0.5253540249309111,23.980150760000015,-0.008464328944683075
8.63695,0.12296296656131744,24.06901928000002,7.082596153846154,-0.20354855060577393,0.5051862168030581,0.5405190718025163,24.06901928000002,0.005538461729884148
8.854000000000001,0.11988716572523117,24.08610938000004,7.059460500963391,-0.22189348936080933,0.5041943590475547,0.5401496124232938,24.08610938000004,0.009416195563971996
8.895,0.10152990370988846,24.22112117000006,7.0985000000000005,-0.21647413074970245,0.5121427221626443,0.5596875783707139,24.22112117000006,0.01701323315501213
8.917100000000001,0.1143617033958435,24.468927620000045,7.1499924528301895,-0.20523138344287872,0.5294406990912707,0.5644323344445548,24.468927620000045,0.010644959285855293
8.49745,0.11340206116437912,24.629574560000037,7.205087751371115,-0.20539730787277222,0.5309718218148702,0.5710026026308466,24.629574560000037,0.013035382144153118
9.09915,0.10463576018810272,24.63128357000005,7.12301581027668,-0.2187013030052185,0.5545356600610922,0.596342954818606,24.63128357000005,0.02401038259267807
8.91605,0.08991825580596924,24.523615940000013,7.109403651115619,-0.21766561269760132,0.5712622491349797,0.5941332574409073,24.523615940000013,0.01587301678955555
9.13175,0.10435931384563446,24.121998590000032,7.09440594059406,-0.2155085653066635,0.6107619405625585,0.6208386286001069,24.121998590000032,-0.0012853470398113132
8.0451,0.12112676352262497,23.660565890000044,7.235892971246007,-0.1992991715669632,0.4544530821948982,0.5209016775164282,23.660565890000044,0.01561658550053835
8.032900000000001,0.1428571492433548,23.645184800000038,7.25140192926045,-0.2048611044883728,0.44187915708271563,0.4938913013617581,23.645184800000038,0.01979668252170086
7.705350000000001,0.1444600224494934,23.648602820000008,7.274808282208589,-0.2056676745414734,0.4214605704402678,0.48997558433635885,23.648602820000008,0.021164020523428917
7.764799999999999,0.12586446106433868,23.64689381000005,7.234636923076923,-0.206971675157547,0.36268066242946456,0.4220689060393216,23.64689381000005,0.03191489353775978
7.7009,0.1371428519487381,23.6110046,7.257634848484849,-0.1887931078672409,0.36465490875072637,0.4373623408613686,23.6110046,0.011035207659006119
7.87895,0.12842713296413422,23.629803710000033,7.216828616352202,-0.18769505620002747,0.366823988325861,0.4400881417924808,23.629803710000033,0.017789756879210472
7.72635,0.1319148987531662,23.588787470000057,7.203648985959439,-0.1951325535774231,0.36769221078343695,0.4385615036468746,23.588787470000057,0.0190677959471941
7.7661500000000006,0.1404494345188141,23.58024241999999,7.210373692077728,-0.1960616409778595,0.3709400424975392,0.4427560749121016,23.58024241999999,0.03345342352986336
7.8494,0.11522048711776733,23.583660440000017,7.203850318471338,-0.1878625601530075,0.3655120872920594,0.4349181074897183,23.583660440000017,0.01727861724793911
7.84795,0.12138728052377701,23.58536945000003,7.193519809825674,-0.18882979452610016,0.3643884075986277,0.4334623839398316,23.58536945000003,0.011879049241542816
7.770250000000001,0.10198300331830978,23.600750540000035,7.188953125,-0.18829183280467987,0.36186474051528833,0.4327628941001758,23.600750540000035,0.003753351280465722
7.56765,0.11944444477558136,23.61954965000001,7.225539156626507,-0.18453426659107208,0.3621652926253509,0.43270385603703926,23.61954965000001,0.0159066803753376
7.70005,0.14244604110717773,23.532390140000018,7.222927051671733,-0.1869775652885437,0.3608066564786939,0.4319969420752197,23.532390140000018,0.01702127605676651
7.81555,0.10764872282743454,23.674237970000036,7.158668730650155,-0.1936897486448288,0.3622938426618216,0.43373574908715035,23.674237970000036,0.02490725927054882
7.62725,0.11676646769046783,23.657147870000017,7.215386018237083,-0.18618881702423096,0.3622938426618216,0.43161375422860265,23.657147870000017,0.02051551826298237
7.85785,0.1230769231915474,23.76310649000004,7.160790064102565,-0.19330690801143646,0.36281684704297623,0.43290698583317705,23.76310649000004,0.025531914085149765
7.884399999999999,0.1131782978773117,23.72721727999999,7.13882479338843,-0.1916407346725464,0.36095087425562944,0.4332527471393919,23.72721727999999,0.016233766451478004
8.096,0.10493826866149902,23.75285243000002,7.104087837837838,-0.18962432444095612,0.3814940685497249,0.4408142967811093,23.75285243000002,0.009294696152210236
8.08655,0.11937984824180603,23.72721727999999,7.103431005110733,-0.19800634682178497,0.37979630834428496,0.43967885354741076,23.72721727999999,0.013927577063441277
8.22925,0.10939907282590866,23.83146689,7.0684938053097355,-0.2042028307914734,0.392648209530214,0.4658393396489823,23.83146689,0.01303116139024496
8.32455,0.09580838680267334,23.76994252999998,7.084643738977073,-0.1927877962589264,0.3922721097126563,0.46685175875172386,23.76994252999998,-0.008083140477538109
8.32095,0.11366906762123108,23.821212830000036,7.066463063063064,-0.19588592648506165,0.4344857642915332,0.4984300678253514,23.821212830000036,-0.0117647061124444
8.504,0.12340425699949265,23.887864219999983,7.083572202166065,-0.19962246716022491,0.4555150259132707,0.5208095476445079,23.887864219999983,-0.00712589081376791
8.3431,0.09544786810874939,23.93400749,7.099253187613844,-0.20362421870231628,0.4614902674971874,0.5248268497553737,23.93400749,-0.007237635552883148
8.37125,0.09867452085018158,23.96989670000005,7.078442164179105,-0.19221411645412445,0.4846985176499986,0.5348975116842559,23.96989670000005,-0.0006027727504260838
8.52405,0.11532846838235855,24.121998590000032,7.0868192090395485,-0.21747764945030212,0.4905303347175241,0.5411022572423826,24.121998590000032,0.023543989285826683
9.19275,0.10533159971237183,24.67742684000001,7.1552549019607845,-0.2065945416688919,0.6050512297632342,0.6131452810864745,24.67742684000001,-0.0019518542103469372
7.75405,0.13884992897510529,23.558025290000046,7.248978593272172,-0.1887931078672409,0.42295420238976844,0.4810856896103805,23.558025290000046,0.015175300650298595
7.86815,0.1355932205915451,23.58024241999999,7.242216463414635,-0.2040192186832428,0.38082370580291103,0.4400991080814293,23.58024241999999,0.02774813212454319
7.793,0.14367815852165222,23.626385690000006,7.250974203338392,-0.18692810833454132,0.3652209386130984,0.43551172100666197,23.626385690000006,0.01582278497517109
7.736600000000001,0.11806543171405792,23.60245955000005,7.2160890625,-0.19058196246623993,0.36594129549399207,0.43743876401996573,23.60245955000005,0.020430106669664383
7.84635,0.09704641252756119,23.600750540000035,7.234169544740974,-0.17588843405246735,0.3631160245585023,0.43525047837459685,23.600750540000035,0.017694370821118355
7.8704,0.11684782803058624,23.571697370000038,7.218345978755691,-0.17899343371391296,0.36662199273757573,0.4321078756426503,23.571697370000038,0.03547557815909386
7.9281500000000005,0.12359550595283508,23.539226180000014,7.204939157566303,-0.18657366931438446,0.3616564130883941,0.43304209596733717,23.539226180000014,0.02711157500743866
7.95665,0.1403762698173523,23.59733252000001,7.185380726698263,-0.1861281841993332,0.3629166729005072,0.4335478784385332,23.59733252000001,0.03387180715799332
8.0411,0.13333334028720856,23.638348759999985,7.156243980738363,-0.19212253391742706,0.36136984499874036,0.4330812671579392,23.638348759999985,0.017039403319358826
7.820850000000001,0.11357340961694717,23.638348759999985,7.173446875000001,-0.18840579688549042,0.36109779743663345,0.4328983008431281,23.638348759999985,0.021704604849219322
7.939900000000001,0.11999999731779099,23.569988360000025,7.136568253968255,-0.19402985274791718,0.35922061808661726,0.43095816683749977,23.569988360000025,0.025994695723056793
7.79845,0.10027854889631271,23.62296766999998,7.162015673981191,-0.18935427069664001,0.3605162154436253,0.4330812671579392,23.62296766999998,0.0221052635461092
7.86115,0.12537313997745514,23.65031183000002,7.192829687500001,-0.19139596819877625,0.3818475884359716,0.44106638054626185,23.65031183000002,0.02281167171895504
8.0475,0.13056835532188416,23.781905600000016,7.132393442622951,-0.1913389265537262,0.3799248450517846,0.4396659396679633,23.781905600000016,0.02139037474989891
8.01235,0.12248062342405319,23.75797946,7.130096345514951,-0.19109131395816803,0.3792599765729439,0.4396659396679633,23.75797946,0.018378378823399544
8.27295,0.12883435189723969,23.773360550000007,7.059490566037736,-0.19497983157634735,0.40208224696847605,0.46615869724240105,23.773360550000007,0.015350877307355404
8.26735,0.1419847309589386,23.68961906000004,7.058530755711775,-0.20252592861652374,0.41105970869146236,0.48672304945157807,23.68961906000004,0.008412787690758705
8.31095,0.12883435189723969,23.754561440000032,7.0352241992882565,-0.21134492754936218,0.4127614760769565,0.47350856443408385,23.754561440000032,0.01485714316368103
8.2715,0.10911808907985687,23.72379926000002,7.056635879218473,-0.20221607387065887,0.4323669590491664,0.4815513286822854,23.72379926000002,-0.004067402798682451
8.3418,0.1190817803144455,23.781905600000016,7.067264388489209,-0.19851577281951904,0.461708086211588,0.5265947291288978,23.781905600000016,-0.008756567724049091
8.40475,0.10274963825941086,23.83146689,7.115100364963504,-0.19829626381397247,0.4812394406334273,0.5327367064589431,23.83146689,-0.0011820330983027816
8.37505,0.11450381577014923,23.906663330000015,7.106129151291514,-0.2032913863658905,0.4793986499200917,0.533066476074111,23.906663330000015,0.004836759530007839
8.3101,0.12023460119962692,24.12370759999999,7.132393442622951,-0.21241512894630432,0.4915718003963299,0.5415546838788728,24.12370759999999,0.021686747670173645
9.056000000000001,0.15227273106575012,24.879090020000035,7.312959322033899,-0.2043435275554657,0.61688603596088,0.6348221344582186,24.879090020000035,0.004938271827995777
7.7989,0.13031160831451416,23.575115390000008,7.24466163141994,-0.18217222392559052,0.38219806957057245,0.4573223442026914,23.575115390000008,0.014598540030419827
7.83985,0.11484593898057938,23.561443310000016,7.218710806697109,-0.1796875,0.38259561280915216,0.4595409138322895,23.561443310000016,0.013054830022156239
7.82965,0.12290503084659576,23.49308291,7.217452054794521,-0.16289198398590088,0.3611262784480184,0.4326401593032103,23.49308291,0.017884517088532448
7.94635,0.11869031190872192,23.517009050000013,7.169440494590418,-0.18437226116657257,0.366703235346966,0.4312863789566312,23.517009050000013,0.033801350742578506
7.95585,0.12256267666816711,23.57682440000002,7.1737978395061734,-0.18505647778511047,0.3615800191007577,0.4332899745622428,23.57682440000002,0.02494802512228489
7.982600000000001,0.14571428298950195,23.593914499999983,7.1814572317262835,-0.18044136464595795,0.3627077398706278,0.4350025562958515,23.593914499999983,0.016103895381093025
8.02605,0.14163090288639069,23.624676679999993,7.123205974842768,-0.1886710226535797,0.36208238169843704,0.43517831490445585,23.624676679999993,0.03020833246409893
8.1369,0.09090909361839294,23.614422620000028,7.110351910828026,-0.18165938556194305,0.362853846923442,0.43616277257997355,23.614422620000028,0.030020704492926598
7.994000000000001,0.09413369745016098,23.617840640000054,7.122128571428572,-0.18938052654266357,0.3614264353547804,0.4331066693715875,23.617840640000054,0.03375527262687683
7.9597500000000005,0.10439560562372208,23.663983910000013,7.135617322834646,-0.18462897837162018,0.381234930724377,0.44118202911509424,23.663983910000013,0.02431289665400982
8.0398,0.1357664167881012,23.687910050000028,7.155152755905512,-0.1879432648420334,0.4054941033513458,0.4686094654768261,23.687910050000028,0.024494143202900887
7.83225,0.13235294818878174,23.715254210000012,7.14864094488189,-0.18412840366363525,0.4058121379422096,0.46934168116343705,23.715254210000012,0.007053716573864222
8.08315,0.12647059559822083,23.694746090000024,7.153365695792881,-0.18786782026290894,0.4035662310719188,0.46780493647489857,23.694746090000024,0.0033333334140479565
8.2301,0.14156626164913177,23.75285243000002,7.095715488215489,-0.19654230773448944,0.44290590367598975,0.4964754401083893,23.75285243000002,0.0005659309681504965
8.22,0.12612612545490265,23.77506956000002,7.071686006825939,-0.19889502227306366,0.43392210890278027,0.4816694143849319,23.77506956000002,0.008547008968889713
8.42615,0.0760563388466835,23.850266000000033,7.050452464788733,-0.21348313987255096,0.44165152512460587,0.5051852612151727,23.850266000000033,0.02154921367764473
8.27635,0.12965722382068634,23.77506956000002,7.078116197183099,-0.19545669853687286,0.4840230404170594,0.5529417879691386,23.77506956000002,0.011627906933426857
8.3056,0.11428571492433548,23.851975010000046,7.135445017182131,-0.19851920008659363,0.4978290785804684,0.5359249854820498,23.851975010000046,0.006310957949608564
8.00065,0.10167310386896133,23.993822840000007,7.256737007874016,-0.17652671039104462,0.4995459198038613,0.5374049701542714,23.993822840000007,0.030881527811288834
7.56085,0.11869031190872192,23.575115390000008,7.314647727272728,-0.1820974051952362,0.4093105184417114,0.4730199075048433,23.575115390000008,0.028660761192440987
7.665,0.12141882628202438,23.50333697000002,7.264141812865498,-0.16934801638126373,0.3810543682534276,0.43911463441446125,23.50333697000002,0.013574660755693913
7.690250000000001,0.11444141715765,23.501627960000008,7.26365889212828,-0.1794871836900711,0.3816415090365608,0.4400185186091566,23.501627960000008,0.027305511757731438
7.7647,0.10231923311948776,23.505045979999977,7.233882962962964,-0.16420504450798035,0.3807661844745503,0.4560798006245046,23.505045979999977,0.019367991015315056
7.94585,0.11444141715765,23.527263110000035,7.214581183611533,-0.16100573539733887,0.366280762887876,0.43099541159015686,23.527263110000035,0.02760736271739006
7.8765,0.1068493127822876,23.57340638000005,7.178937689969605,-0.17601042985916138,0.35883990682927747,0.4310669223602896,23.57340638000005,0.02368692122399807
7.959250000000001,0.1383737474679947,23.58024241999999,7.144729813664597,-0.17389437556266785,0.3592746946424525,0.4323054280387592,23.58024241999999,0.019367991015315056
7.813,0.12044817954301834,23.612713610000014,7.180194528875381,-0.1871192306280136,0.35895787392407286,0.4320420574003992,23.612713610000014,0.029106028378009796
7.957750000000001,0.08264462649822235,23.6110046,7.17192523364486,-0.1828242540359497,0.38161055528821336,0.46011390749043446,23.6110046,0.024828314781188965
8.163,0.10987482964992523,23.657147870000017,7.129179032258065,-0.1854838728904724,0.38194376686235715,0.44215824280788096,23.657147870000017,0.03194888308644295
8.08195,0.12044817954301834,23.662274900000057,7.150434022257552,-0.18979409337043762,0.4042596413690985,0.46747276573239843,23.662274900000057,0.01523394975811243
7.940950000000001,0.1500742882490158,23.691328070000054,7.163375594294771,-0.18896925449371338,0.4256282739765266,0.49239273648115084,23.691328070000054,0.014827017672359943
7.88685,0.13859911262989044,23.72379926000002,7.196519623233909,-0.18850988149642944,0.4254639628565189,0.47870146530007135,23.72379926000002,0.009857612662017345
7.9379,0.11874105781316757,23.72038124000005,7.202352850539292,-0.19028340280056,0.4439733710973256,0.49973531756325634,23.72038124000005,0.00826446246355772
8.01525,0.1304347813129425,23.735762330000057,7.1738019169329075,-0.19378428161144257,0.4565386551849858,0.5051852612151727,23.735762330000057,0.005076142027974129
8.34425,0.08683473616838455,23.84001194000001,7.121157534246576,-0.21314553916454315,0.44271919616452315,0.49119885581345335,23.84001194000001,0.023878859356045723
8.30395,0.10402218997478485,23.918626399999994,7.157571428571429,-0.20172084867954254,0.5250526321440698,0.5649464178312563,23.918626399999994,0.026239067316055298
8.40015,0.11320754885673523,24.087818390000052,7.204404567699838,-0.19741100072860718,0.5253291211552041,0.562793435229751,24.087818390000052,0.019209040328860283
7.4564,0.12388250231742859,23.581951430000004,7.470232323232324,-0.17383669316768646,0.4402029970898545,0.5030302339628545,23.581951430000004,0.0343766026198864
7.532,0.12640449404716492,23.491373899999985,7.309040902679831,-0.1516483575105667,0.40790395308624167,0.4743713929548571,23.491373899999985,0.02525252476334572
7.72815,0.13483145833015442,23.462320729999988,7.239944687045124,-0.16561844944953918,0.39438173358289386,0.44214681330872296,23.462320729999988,0.014363545924425125
7.6259,0.13483145833015442,23.47257479000001,7.230288011695907,-0.1644820272922516,0.3952089704425319,0.45709331129255903,23.47257479000001,0.014463840052485466
7.758350000000001,0.09536784887313843,23.46061172000003,7.223876093294461,-0.1635434478521347,0.3884899429784808,0.4560683124683175,23.46061172000003,0.016032064333558083
7.949349999999999,0.0955585464835167,23.446939639999982,7.199688821752266,-0.16923077404499054,0.3736302101384357,0.43104710829299836,23.446939639999982,0.02527075819671154
8.0302,0.11020407825708389,23.532390140000018,7.166140432098766,-0.1718408465385437,0.37321944693467757,0.4316605279660675,23.532390140000018,0.028717948123812675
8.0864,0.14000000059604645,23.53751717,7.133498432601881,-0.18283261358737946,0.3606837328023025,0.43451760361324737,23.53751717,0.03153611347079277
8.068750000000001,0.1428571492433548,23.662274900000057,7.157020217729394,-0.17904679477214813,0.3599430337610983,0.43360158187943965,23.662274900000057,0.026476578786969185
8.10625,0.13352273404598236,23.72721727999999,7.147224522292994,-0.18601523339748383,0.3795030320400468,0.4393290309019342,23.72721727999999,0.0267952848225832
8.2364,0.12640449404716492,23.68961906000004,7.138428805237316,-0.186332568526268,0.381323474445697,0.4410955601352199,23.68961906000004,0.022975929081439972
8.2105,0.12378302961587906,23.716963220000025,7.146674757281554,-0.1918918937444687,0.41529682779925053,0.4935454261736925,23.716963220000025,0.023939063772559166
8.1922,0.10518933832645416,23.816085799999996,7.121623355263158,-0.19438152015209198,0.41513044191332804,0.477643561509353,23.816085799999996,0.013865779154002666
8.137350000000001,0.12554112076759338,23.788741640000012,7.1566171243941845,-0.19375574588775635,0.4323669590491664,0.4970622905104087,23.788741640000012,0.018994413316249847
8.075600000000001,0.12747874855995178,23.785323619999986,7.1876609375000005,-0.19112318754196167,0.4517830441934756,0.5048465556023914,23.785323619999986,0.016519824042916298
7.745,0.15085157752037048,23.57682440000002,7.408760840998687,-0.19858156144618988,0.4544959766382969,0.5121379214825724,23.57682440000002,0.037786055356264114
7.8783,0.19512194395065308,23.48624687000006,7.292271532846716,-0.1763676106929779,0.44289893574779704,0.49733775425344756,23.48624687000006,0.022845275700092316
7.3282,0.14080460369586945,23.423013500000025,7.302113103448276,-0.15943273901939392,0.4046375443325849,0.4705600303474305,23.423013500000025,0.016096578910946846
7.52585,0.1599999964237213,23.46402974,7.269178723404256,-0.17418287694454193,0.40551598646539605,0.47015857035263636,23.46402974,0.012858555652201176
7.49995,0.13361462950706482,23.445230630000026,7.269664295874823,-0.15820150077342987,0.40523041182704017,0.46974628606099184,23.445230630000026,0.004431314766407013
7.6661,0.11357340961694717,23.405923400000006,7.216903083700441,-0.16568046808242798,0.3871730279175369,0.45645156315106405,23.405923400000006,0.008538423106074333
8.0086,0.09782608598470688,23.436685580000017,7.1615762711864415,-0.16884246468544006,0.3935584854643809,0.4482861696639521,23.436685580000017,0.016477858647704124
8.0804,0.10152990370988846,23.40763241000002,7.148541401273886,-0.18141980469226837,0.3934391892638246,0.45687310810818976,23.40763241000002,0.021989528089761734
8.087150000000001,0.1306818127632141,23.434976570000003,7.155331753554503,-0.17181383073329926,0.3807201441189112,0.4412040695703249,23.434976570000003,0.014492753893136978
7.3965,0.15728715062141418,23.440103600000043,7.293699720670391,-0.17351216077804565,0.40331329472827976,0.46552081141025436,23.440103600000043,0.015968063846230507
7.6813,0.143669992685318,23.477701819999993,7.246781341107872,-0.1681123524904251,0.4044095614285845,0.46761396570478786,23.477701819999993,0.010319409891963005
7.6645,0.12290503084659576,23.423013500000025,7.248423976608188,-0.16948454082012177,0.4044095614285845,0.46628173218426144,23.423013500000025,0.009345794096589088
7.6819500000000005,0.10987482964992523,23.462320729999988,7.2236543026706235,-0.17227065563201904,0.3841221788452984,0.44121735547114393,23.462320729999988,0.017249876633286476
8.13555,0.11756569892168045,23.49479192000001,7.157757480314961,-0.17892052233219147,0.38809108388359786,0.4414404534526734,23.49479192000001,0.014788373373448849
8.11215,0.11977715790271759,23.448648649999996,7.155894321766562,-0.17662450671195984,0.3813357065453456,0.43968807236062213,23.448648649999996,0.015641292557120323
7.87945,0.13323983550071716,23.47257479000001,7.174501557632399,-0.185504749417305,0.3813214684935757,0.44007539448215194,23.47257479000001,0.014099217019975185
7.970250000000001,0.14042553305625916,23.436685580000017,7.211848392036754,-0.18939393758773804,0.42603261601363884,0.4898174894474869,23.436685580000017,0.010785824619233608
7.85415,0.12948517501354218,23.409341420000032,7.194918622848201,-0.19782517850399017,0.4044095614285845,0.4521129502670601,23.409341420000032,0.020429009571671486
7.9001,0.15161290764808655,23.400796370000023,7.163789473684211,-0.18896320462226868,0.40499396830926165,0.4673994238130082,23.400796370000023,0.017223911359906197
8.0351,0.0899328887462616,23.440103600000043,7.165693750000001,-0.1764206886291504,0.4093105184417114,0.47265265602386125,23.440103600000043,-0.0020639835856854916
8.09585,0.10955056548118591,23.458902710000018,7.097139802631579,-0.18902438879013062,0.4093105184417114,0.457382885769146,23.458902710000018,0.022058824077248573
7.891100000000001,0.1267605572938919,23.48624687000006,7.1540252764612955,-0.19308599829673767,0.416529865474897,0.4774876280007568,23.48624687000006,0.014418126083910465
8.115549999999999,0.1195652186870575,23.682783019999988,7.171545314900154,-0.21023918688297272,0.4378705149280103,0.4853430714278151,23.682783019999988,0.021829521283507347
8.1155,0.17302052676677704,23.400796370000023,7.185656101426308,-0.20722270011901855,0.4456114014706329,0.49729741931386684,23.400796370000023,0.02896261215209961
7.7956,0.12738853693008423,23.445230630000026,7.186450793650794,-0.2081736922264099,0.44360640078910024,0.495998362727235,23.445230630000026,0.024134311825037003
8.19225,0.07777778059244156,23.43326755999999,7.089555740432613,-0.18969957530498505,0.4407959429372277,0.49549116201813753,23.43326755999999,0.017178552225232124
8.1978,0.12103746086359024,23.42130449000001,7.052244067796611,-0.1879049688577652,0.42864285062077656,0.4751748956939314,23.42130449000001,0.029426949098706245
8.0865,0.13629841804504395,23.474283800000023,7.073854304635762,-0.20199087262153625,0.4752771820769069,0.5237006118803622,23.474283800000023,0.02631578966975212
8.170950000000001,0.11634349077939987,23.13931783999999,7.122264367816093,-0.2018502950668335,0.493279470952481,0.5344510643236541,23.13931783999999,0.021144920960068703
8.35605,0.09401709586381912,23.35978012999999,7.050815834767643,-0.19497400522232056,0.4772656192196685,0.5508364911793923,23.35978012999999,0.030271397903561592
8.3131,0.13905325531959534,23.39566934000004,7.025614310645725,-0.1930735856294632,0.4979028957554376,0.5512283782675963,23.39566934000004,0.03719008341431618
8.12485,0.14202049374580383,23.46915677000004,7.057712585034014,-0.19664570689201355,0.5117138122428431,0.5617111401620014,23.46915677000004,0.028397565707564354
8.06975,0.12034384161233902,23.052158329999997,7.185138095238096,-0.21761436760425568,0.523324877668379,0.5730818110154833,23.052158329999997,0.007053716573864222
8.248850000000001,0.13642756640911102,23.20084220000001,7.154671031096564,-0.21416667103767395,0.538886467445289,0.5629542226428756,23.20084220000001,0.01049317978322506
8.3517,0.15522387623786926,23.423013500000025,7.096357512953368,-0.19158075749874115,0.5052758972417708,0.5602712479565138,23.423013500000025,0.025879917666316032
8.4059,0.12138728052377701,23.491373899999985,7.063015761821367,-0.19830866158008575,0.5070036452333282,0.562633788882684,23.491373899999985,0.028190670534968376
,,,,,0.43676080730693595,0.4991825130084297,,
,,,,,0.43874346566836675,0.5090105526410814,,
,,,,,0.42679251051287626,0.5065633865226147,,
,,,,,0.43626763381576833,0.5065633865226147,,
,,,,,0.4259373322830936,0.493794430469583,,
,,,,,0.4036303522543482,0.4730199075048432,,
,,,,,0.4049939683092616,0.4724896161287168,,
,,,,,0.4207111073471048,0.49246344817721216,,
,,,,,0.4090848164740016,0.47460191388445816,,
,,,,,0.4029485442268916,0.48421726097349144,,
,,,,,0.42587561118002404,0.5044051146378661,,
,,,,,0.41337234003127715,0.48241199953111275,,
,,,,,0.43458968137801535,0.5071729694185504,,
,,,,,0.43542704107238533,0.5071729694185504,,
,,,,,0.4335841976617184,0.5060982227149722,,
,,,,,0.4336299054624417,0.5081767925220951,,
,,,,,0.3980985695985916,0.4801152061174159,,
,,,,,0.4014391623178324,0.47928507184265573,,
,,,,,0.4077665746836126,0.47928507184265573,,
,,,,,0.4071831248947171,0.4682897084297949,,
,,,,,0.40835300105991573,0.4730199075048433,,
,,,,,0.3865851515679315,0.460828672775337,,
,,,,,0.3865851515679315,0.460828672775337,,
,,,,,0.39606431839742234,0.4646920922318707,,
,,,,,0.3991414543163532,0.4746179477329002,,
,,,,,0.4090375234316347,0.48638533486677377,,
,,,,,0.40982717116026723,0.48638533486677377,,
,,,,,0.416307279440715,0.4894727738528379,,
,,,,,0.4329245868133486,0.5065633865226147,,
,,,,,0.41449561811061586,0.4849997214397616,,
,,,,,0.4358911783173231,0.4992987912551124,,
,,,,,0.4358911783173231,0.4992987912551124,,
,,,,,0.4358911783173231,0.4992987912551124,,
,,,,,0.422498492298386,0.4829380668557513,,
,,,,,0.3866857461949333,0.46798778082925985,,
,,,,,0.3867896939761685,0.4604395908158847,,
,,,,,0.39235980187782693,0.46635765528646517,,
,,,,,0.39235980187782693,0.47301990750484324,,
,,,,,0.39235980187782693,0.47301990750484324,,
,,,,,0.41022313944158145,0.4735857207913323,,
,,,,,0.4154326843158396,0.4884444697060882,,
,,,,,0.413100430649505,0.48394888731722957,,
,,,,,0.42083172125990315,0.5065633865226147,,
,,,,,0.4366154269642854,0.5005587377362897,,
,,,,,0.45808433853587377,0.5280975679677361,,
,,,,,0.421004343613904,0.4936516268747354,,
,,,,,0.41574825987636166,0.4800648848506602,,
,,,,,0.3804488793208215,0.4634316661365019,,
,,,,,0.4041398351759643,0.48301328583241043,,
,,,,,0.40003080693292264,0.47803425281408196,,
,,,,,0.39023984312687204,0.4636038203531076,,
,,,,,0.3888103931520484,0.46306159366263605,,
,,,,,0.3950815285254685,0.47053032904429143,,
,,,,,0.401254677408679,0.46954181994966065,,
,,,,,0.40256800021156697,0.4730199075048433,,
,,,,,0.4202632969241633,0.48377035994813516,,
,,,,,0.42462084658278954,0.5034283301301545,,
,,,,,0.41638016236778796,0.494495457550759,,
,,,,,0.4347987192237961,0.5208783922641569,,
,,,,,0.4108847896664872,0.47893265634865384,,
,,,,,0.3866147174876504,0.4634316661365019,,
,,,,,0.3943847357061997,0.4713543444502488,,
,,,,,0.39023984312687204,0.4657854853900633,,
,,,,,0.388841134011722,0.46411600336357567,,
,,,,,0.37835850086301487,0.4586603745984463,,
,,,,,0.38467608909105283,0.4611944098172222,,
,,,,,0.381191943538245,0.44771072426196423,,
,,,,,0.38676492516892114,0.4542562026868468,,
,,,,,0.4016469107199289,0.47127444659154133,,
,,,,,0.4117799635001833,0.47997608261520863,,
,,,,,0.41017144801776073,0.47997608261520863,,
,,,,,0.41301648766735094,0.4834159494280267,,
,,,,,0.39385987877739964,0.4825321908367506,,
,,,,,0.4037416678506678,0.4944579442484839,,
,,,,,0.4325288883229757,0.4896755380507885,,
,,,,,0.3884583294117862,0.4681931737547939,,
,,,,,0.3770580693447001,0.4565956051609251,,
,,,,,0.3748333977072301,0.45759534530359847,,
,,,,,0.3748333977072301,0.45759534530359847,,
,,,,,0.38693380340015376,0.47039201912981643,,
,,,,,0.36683583090821203,0.4451952070633819,,
,,,,,0.37102824040430593,0.4451952070633819,,
,,,,,0.37895692293132816,0.4528155395963451,,
,,,,,0.39835235599474256,0.4660380638516353,,
,,,,,0.406185127039583,0.4752017336464708,,
,,,,,0.41268643459980936,0.48146669156742977,,
,,,,,0.38518790372691053,0.45741265167346523,,
,,,,,0.38712342106329206,0.47001851215265517,,
,,,,,0.4004725045482332,0.4867201792161117,,
,,,,,0.4071470462907037,0.49483218220304687,,
,,,,,0.41022313944158145,0.49243490370840026,,
,,,,,0.42125064319001104,0.4945992828472175,,
,,,,,0.38938893131530555,0.4698238270487295,,
,,,,,0.4046880045961094,0.4796821597232214,,
,,,,,0.3959985610369314,0.47718381514132957,,
,,,,,0.3866261772658588,0.4558815050590157,,
,,,,,0.3866261772658588,0.4558815050590157,,
,,,,,0.39387648682626225,0.47663074649342985,,
,,,,,0.3871626830735419,0.46495706817237437,,
,,,,,0.3871626830735419,0.46495706817237437,,
,,,,,0.37597301015234125,0.4515190026182595,,
,,,,,0.39163855224202215,0.45988046562970875,,
,,,,,0.4084230616238231,0.4795896284424106,,
,,,,,0.4050652631390558,0.48950560910986024,,
,,,,,0.3857645323253041,0.4725125568711235,,
,,,,,0.3909336909556473,0.47001851215265517,,
,,,,,0.40441416305756617,0.4867201792161117,,
,,,,,0.41075011749681617,0.49612868573720326,,
,,,,,0.4093718935381939,0.4871399047437938,,
,,,,,0.4271706715181154,0.49718880788830244,,
,,,,,0.43448991331525644,0.4924568443118448,,
,,,,,0.4260179651447639,0.4884092538106516,,
,,,,,0.3866261772658588,0.4558815050590157,,
,,,,,0.3866261772658588,0.4558815050590157,,
,,,,,0.39272142381504155,0.47663074649342985,,
,,,,,0.3882586803625979,0.4676446812831973,,
,,,,,0.3882586803625979,0.4676446812831973,,
,,,,,0.3793331934577106,0.45689422883990544,,
,,,,,0.39835235599474256,0.46776413075478956,,
,,,,,0.3834924703553881,0.4791037648360953,,
,,,,,0.394539578554926,0.47807894394874534,,
,,,,,0.3879269899708623,0.47166687573280425,,
,,,,,0.38985117229981714,0.46038197104479023,,
,,,,,0.3973327053261834,0.47798481111414987,,
,,,,,0.4285688956776053,0.5165159909535645,,
,,,,,0.4302695658985481,0.521175284686393,,
,,,,,0.4511251533448477,0.5122959287056065,,
,,,,,0.432328271955479,0.4846515445746345,,
,,,,,0.4364503762768779,0.48921921940569413,,
,,,,,0.4321236679460349,0.48933093879811373,,
,,,,,0.3887031942567763,0.47856310954591574,,
,,,,,0.38492474848930175,0.4785848475931356,,
,,,,,0.38492474848930175,0.4785848475931356,,
,,,,,0.374410008220491,0.46798778082925985,,
,,,,,0.3684662374524492,0.46421368582257233,,
,,,,,0.37655880898011784,0.4591075572841126,,
,,,,,0.37795003610689165,0.4600917106759328,,
,,,,,0.3781148371163993,0.46100469595057586,,
,,,,,0.3908126009894906,0.455736487807551,,
,,,,,0.41261918896927335,0.4886645347958595,,
,,,,,0.41503514107725986,0.483531461004951,,
,,,,,0.4097141777301155,0.4759254351922194,,
,,,,,0.4547377137444139,0.4942242481860949,,
,,,,,0.4476738269289666,0.4891639316517663,,
,,,,,0.44017681946157844,0.4924590817858643,,
,,,,,0.4345931406331465,0.4925931450567679,,
,,,,,0.36970173583718247,0.4486732946185646,,
,,,,,0.36477495545367156,0.4451952070633819,,
,,,,,0.37970726357165807,0.47487488753427404,,
,,,,,0.37970726357165807,0.47487488753427404,,
,,,,,0.38492474848930175,0.4587937448731187,,
,,,,,0.3882770455619906,0.46848617037220897,,
,,,,,0.394539578554926,0.4549657125619104,,
,,,,,0.39862132193861116,0.46038197104479023,,
,,,,,0.445517948049036,0.4920097578061326,,
,,,,,0.4584097152472194,0.5063149980816405,,
,,,,,0.4469566395561452,0.48634441194159944,,
,,,,,0.4448555793633228,0.4866752166129508,,
,,,,,0.4475516737837065,0.48074268150492233,,
,,,,,0.466199660191361,0.5019117484461902,,
,,,,,0.4552379752556839,0.4950208334353011,,
,,,,,0.46174137490219364,0.500430001482773,,
,,,,,0.39221533950600157,0.4751316035204899,,
,,,,,0.3844118884804134,0.45882931027969803,,
,,,,,0.40079373917754996,0.46592460889227066,,
,,,,,0.40439799942195237,0.462839015455898,,
,,,,,0.371802313881712,0.4486732946185646,,
,,,,,0.381526638185753,0.4501318474642863,,
,,,,,0.3952523376601531,0.4747981778338089,,
,,,,,0.3994155389937071,0.4774655833272573,,
,,,,,0.40610965417237255,0.47475895128243467,,
,,,,,0.394539578554926,0.4670886233981995,,
,,,,,0.394539578554926,0.4549657125619104,,
,,,,,0.4299381644357252,0.5019066194135361,,
,,,,,0.44192385067449086,0.49330452032667504,,
,,,,,0.44423671537461196,0.5049573830115571,,
,,,,,0.43762877005898054,0.4879691215627794,,
,,,,,0.4450898131699214,0.503412164036255,,
,,,,,0.46599359774798854,0.4995669431301151,,
,,,,,0.4862541889544228,0.522471988743986,,
,,,,,0.46768787067792716,0.5075927911098485,,
,,,,,0.44594740433209856,0.48827861419854796,,
,,,,,0.44841120214608804,0.48827861419854796,,
,,,,,0.44418556549373983,0.49755413507252194,,
,,,,,0.43367229767140275,0.49712283272802005,,
,,,,,0.39246305445726853,0.47954432002215147,,
,,,,,0.4211757828512489,0.493720997548819,,
,,,,,0.4179023959378972,0.4931814117591481,,
,,,,,0.39221533950600157,0.4751316035204899,,
,,,,,0.4055334208145021,0.46036385646792444,,
,,,,,0.40689719713456846,0.47460191388445816,,
,,,,,0.42705657678747483,0.46800462946768256,,
,,,,,0.406686733067085,0.4646920922318707,,
,,,,,0.4090375234316347,0.4646920922318707,,
,,,,,0.4021094724500362,0.46699965413659983,,
,,,,,0.39387648682626225,0.4524538245698501,,
,,,,,0.38492474848930175,0.4421707831023535,,
,,,,,0.38267372656831167,0.45199680050462804,,
,,,,,0.371802313881712,0.4486732946185646,,
,,,,,0.37937112045589,0.44758872968200225,,
,,,,,0.41301648766735094,0.4747214179634938,,
,,,,,0.41503514107725986,0.4747214179634938,,
,,,,,0.4440429735181436,0.48354946024039636,,
,,,,,0.427547718948279,0.4772736836514696,,
,,,,,0.4130022820296003,0.47215038561604766,,
,,,,,0.4772494817515631,0.5014011019551339,,
,,,,,0.45254560572272645,0.5078740059525686,,
,,,,,0.45741830577301085,0.5178323197947758,,
,,,,,0.4643874572798567,0.517568015232183,,
,,,,,0.4680211619534079,0.5310753494301238,,
,,,,,0.4741826611824732,0.5143904578977854,,
,,,,,0.4754747120303819,0.5127694795640738,,
,,,,,0.45491972378362067,0.49229108892170736,,
,,,,,0.4510510899951341,0.49199910132448216,,
,,,,,0.44185466335155066,0.4852363307358568,,
,,,,,0.4537717542444708,0.4972773386589378,,
,,,,,0.44794787403903175,0.5045033753744839,,
,,,,,0.44794787403903175,0.5045033753744839,,
,,,,,0.4635354161839894,0.5222928145365978,,
,,,,,0.4642765984932059,0.5097287695063278,,
,,,,,0.4394489729053339,0.48912271286671033,,
,,,,,0.4058121379422096,0.4602355856803881,,
,,,,,0.42223228225201004,0.4796821597232214,,
,,,,,0.41478542077576924,0.4804439867706144,,
,,,,,0.4579879842490651,0.5015915797702365,,
,,,,,0.41221451390489006,0.4646920922318707,,
,,,,,0.4023052414239651,0.46870403243636843,,
,,,,,0.4023052414239651,0.46870403243636843,,
,,,,,0.3881681319447222,0.461369170866793,,
,,,,,0.3804488793208215,0.45199680050462804,,
,,,,,0.3804488793208215,0.45199680050462804,,
,,,,,0.4016662206675597,0.4461991910999295,,
,,,,,0.41264070757104493,0.4466237073092605,,
,,,,,0.4218985626709499,0.47468547055943777,,
,,,,,0.422720977023135,0.47468547055943777,,
,,,,,0.4577831141360353,0.49546830989490365,,
,,,,,0.4587765897692259,0.4925066192699976,,
,,,,,0.4784704141105391,0.5056582811226775,,
,,,,,0.46907617507169475,0.499896038613073,,
,,,,,0.4903563333468366,0.491375903915479,,
,,,,,0.49881075288729926,0.4998479022588493,,
,,,,,0.4895381637138886,0.5228268066325085,,
,,,,,0.45906096819705755,0.5031211743460606,,
,,,,,0.4460435136864804,0.499117557574076,,
,,,,,0.43479871922379604,0.49791569211036135,,
,,,,,0.4274706509222714,0.4961747281519336,,
,,,,,0.4193584237968147,0.49160283244253355,,
,,,,,0.4251644508787601,0.4864389119730658,,
,,,,,0.4171770953572579,0.4793905459897571,,
,,,,,0.4550893261209065,0.49953447631116865,,
,,,,,0.40778209977688046,0.45969540306808715,,
,,,,,0.4045279223158102,0.47129355747745333,,
,,,,,0.4045279223158102,0.47129355747745333,,
,,,,,0.3841070416219832,0.45818348974177625,,
,,,,,0.3670212718153808,0.461757528754728,,
,,,,,0.3670212718153808,0.461757528754728,,
,,,,,0.401254677408679,0.4594078238356392,,
,,,,,0.4146298333223016,0.4614424971812982,,
,,,,,0.42567706777154857,0.4997946192504004,,
,,,,,0.42206047549653636,0.49028340777874263,,
,,,,,0.4583185329829779,0.5220112550678448,,
,,,,,0.4587765897692259,0.5411221040094468,,
,,,,,0.4776936601337669,0.5398596770435712,,
,,,,,0.4882926561361725,0.5245050675053705,,
,,,,,0.5101473609074653,0.5358369512214864,,
,,,,,0.499083476098282,0.5304083521653574,,
,,,,,0.4290776834445355,0.4961747281519336,,
,,,,,0.42587561118002404,0.49444589634652614,,
,,,,,0.4169891671651942,0.49160283244253355,,
,,,,,0.4179173295569631,0.48991347563001625,,
,,,,,0.41114175326227614,0.4686802753258999,,
,,,,,0.4296080041768827,0.490087636126152,,
,,,,,0.40778209977688046,0.45969540306808715,,
,,,,,0.39542718165628693,0.4784569179359334,,
,,,,,0.39542718165628693,0.4784569179359334,,
,,,,,0.3767552008808135,0.4675196760222288,,
,,,,,0.3804488793208215,0.47117217349115253,,
,,,,,0.3804488793208215,0.47117217349115253,,
,,,,,0.401254677408679,0.4594078238356392,,
,,,,,0.4257757965836537,0.45783852533830266,,
,,,,,0.4265292741134335,0.4764229284221443,,
,,,,,0.436921759845006,0.49845108532768434,,
,,,,,0.47166761646791905,0.534669421516138,,
,,,,,0.48115593561162723,0.5224278088024382,,
,,,,,0.48936169575384103,0.5447701181937802,,
,,,,,0.4431602330550229,0.5186907951260006,,
,,,,,0.40976918768953136,0.48056809751821844,,
,,,,,0.40976918768953136,0.48056809751821844,,
,,,,,0.38259830801754935,0.46093545731311375,,
,,,,,0.3977420101990407,0.47301990750484335,,
,,,,,0.39516237189124004,0.46477914256573455,,
,,,,,0.39516237189124004,0.46477914256573455,,
,,,,,0.3596772451050295,0.4489140852954619,,
,,,,,0.36678005730929497,0.45331074469214144,,
,,,,,0.36678005730929497,0.4521146741256714,,
,,,,,0.3963958383342691,0.46066490992076153,,
,,,,,0.4055083863419535,0.46432468861688664,,
,,,,,0.4030946459470609,0.46432468861688664,,
,,,,,0.4089365973375981,0.45430329245968765,,
,,,,,0.4548845296227214,0.48950143738306084,,
,,,,,0.49110231154158335,0.530050676494789,,
,,,,,0.5113232938071841,0.5662756137350142,,
,,,,,0.5062782752051399,0.5578372702298496,,
,,,,,0.4096696677705577,0.45876451303209465,,
,,,,,0.4335841976617184,0.48248030565494016,,
,,,,,0.4039597651215464,0.4688851181035772,,
,,,,,0.40321077808360567,0.4747214179634938,,
,,,,,0.38919483056957604,0.46093545731311375,,
,,,,,0.3935678061939533,0.46273686603734676,,
,,,,,0.40113347858486614,0.46870403243636843,,
,,,,,0.40441416305756617,0.4672513720474672,,
,,,,,0.3702636337327051,0.4497327735969126,,
,,,,,0.36814693951044763,0.45500010150465875,,
,,,,,0.3734894486015382,0.4587723199293962,,
,,,,,0.41292622267747703,0.4820470049763098,,
,,,,,0.42220546363652145,0.4872997537691405,,
,,,,,0.4204961297756449,0.48822092532636,,
,,,,,0.42757396709167855,0.4983857786776861,,
,,,,,0.44208584859626193,0.4670323137389592,,
,,,,,0.42288079591803984,0.46667064700142263,,
,,,,,0.42288079591803984,0.46562897145008014,,
,,,,,0.4071597114553004,0.47639862112987785,,
,,,,,0.3958427646112594,0.4765499068145809,,
,,,,,0.3804488793208215,0.4605250420235833,,
,,,,,0.4132461965036509,0.475535970842635,,
,,,,,0.4351832699778265,0.5023678579704722,,
,,,,,0.40377829173200397,0.46611450739528354,,
,,,,,0.43962981610406043,0.49413686766130954,,
,,,,,0.4220829076238548,0.47463430991953565,,
,,,,,0.4193584237968147,0.46979110267545876,,
,,,,,0.4193584237968147,0.4713999763147583,,
,,,,,0.43016663059570165,0.4738135650677709,,
,,,,,0.4350122745868726,0.4713999763147583,,
,,,,,0.4125889614638379,0.4764726075596232,,
,,,,,0.45483832499807714,0.5095281553995125,,
,,,,,0.45483832499807714,0.5095281553995125,,
,,,,,0.4306179623081826,0.48721050472998856,,
,,,,,0.4598832607174766,0.5117920310708141,,
,,,,,0.4241786355645941,0.4713999763147583,,
,,,,,0.44087311309530497,0.4956644775449688,,
,,,,,0.44087311309530497,0.4956644775449688,,
,,,,,0.4418116017919217,0.5041396382617409,,
,,,,,0.45152174688624974,0.507478311362812,,
,,,,,0.4842076645901364,0.5180003281571444,,
,,,,,0.4296834401741043,0.4865347620049817,,
,,,,,0.4475869168480253,0.5044051146378661,,
,,,,,0.4475869168480253,0.5044051146378661,,
,,,,,0.492503487515843,0.5197554073481363,,
,,,,,0.44884418346838495,0.5085367606280738,,
,,,,,0.4645015387056542,0.5302536329680628,,
,,,,,0.44884418346838495,0.5302536329680628,,
,,,,,0.45271291226444127,0.4843905783583251,,
,,,,,0.46925683097784326,0.4962071578727278,,
,,,,,0.4659761467650372,0.4884780744167663,,
,,,,,0.32450051471481833,0.4286742911762642,,
,,,,,0.32450051471481833,0.4286742911762642,,
,,,,,0.31979760870445867,0.4286742911762642,,
,,,,,0.31979760870445867,0.4286742911762642,,
,,,,,0.3478389753790368,0.4540991112046496,,
,,,,,0.3478389753790368,0.4633664400047445,,
,,,,,0.3528801199497475,0.4730199075048433,,
,,,,,0.3293438059792186,0.4286742911762642,,
,,,,,0.3293438059792186,0.4286742911762642,,
,,,,,0.3066304400496173,0.3991105469572115,,
,,,,,0.3293438059792186,0.4286742911762642,,
,,,,,0.317987123014418,0.4138924190667379,,
,,,,,0.317987123014418,0.4138924190667379,,
,,,,,0.317987123014418,0.4138924190667379,,
,,,,,0.34687986055721964,0.4488862387545962,,
,,,,,0.3478389753790368,0.4540991112046496,,
,,,,,0.3478389753790368,0.4633664400047445,,
,,,,,0.3528801199497475,0.4730199075048433,,
,,,,,0.31979760870445867,0.4286742911762642,,
,,,,,0.31979760870445867,0.4286742911762642,,
,,,,,0.317987123014418,0.4138924190667379,,
,,,,,0.317987123014418,0.4138924190667379,,
,,,,,0.3066304400496173,0.3991105469572115,,
,,,,,0.3293438059792186,0.4286742911762642,,
,,,,,0.317987123014418,0.4138924190667379,,
,,,,,0.317987123014418,0.4138924190667379,,
,,,,,0.317987123014418,0.4138924190667379,,
,,,,,0.32450051471481833,0.41992583625429963,,
,,,,,0.34687986055721964,0.4488862387545962,,
,,,,,0.3639076236981771,0.4778466412548927,,
,,,,,0.34687986055721964,0.45823803539531693,,
,,,,,0.335690187636019,0.4434561632857905,,
,,,,,0.3021211688724171,0.3991105469572115,,
,,,,,0.3066304400496173,0.3991105469572115,,
,,,,,0.3066304400496173,0.3991105469572115,,
,,,,,0.3066304400496173,0.3991105469572115,,
,,,,,0.3066304400496173,0.3991105469572115,,
,,,,,0.3066304400496173,0.3991105469572115,,
,,,,,0.317987123014418,0.4138924190667379,,
,,,,,0.317987123014418,0.4138924190667379,,
,,,,,0.317987123014418,0.4138924190667379,,
,,,,,0.317987123014418,0.4138924190667379,,
,,,,,0.317987123014418,0.4138924190667379,,
,,,,,0.317987123014418,0.4138924190667379,,
,,,,,0.3293438059792186,0.4286742911762642,,
,,,,,0.335690187636019,0.4434561632857905,,
,,,,,0.3021211688724171,0.40760226072225864,,
,,,,,0.3066304400496173,0.40760226072225864,,
,,,,,0.3066304400496173,0.40760226072225864,,
,,,,,0.3066304400496173,0.40760226072225864,,
,,,,,0.3066304400496173,0.40760226072225864,,
,,,,,0.3066304400496173,0.40760226072225864,,
,,,,,0.3066304400496173,0.40760226072225864,,
,,,,,0.3066304400496173,0.40760226072225864,,
,,,,,0.317987123014418,0.422698640749009,,
,,,,,0.317987123014418,0.422698640749009,,
,,,,,0.317987123014418,0.422698640749009,,
,,,,,0.317987123014418,0.4138924190667379,,
,,,,,0.3293438059792186,0.4286742911762642,,
,,,,,0.3293438059792186,0.4286742911762642,,
,,,,,0.3066304400496173,0.40760226072225864,,
,,,,,0.3066304400496173,0.40760226072225864,,
,,,,,0.3066304400496173,0.40760226072225864,,
,,,,,0.3066304400496173,0.40760226072225864,,
,,,,,0.3066304400496173,0.40760226072225864,,
,,,,,0.3066304400496173,0.40760226072225864,,
,,,,,0.3066304400496173,0.40760226072225864,,
,,,,,0.317987123014418,0.422698640749009,,
,,,,,0.317987123014418,0.422698640749009,,
,,,,,0.317987123014418,0.422698640749009,,
,,,,,0.317987123014418,0.4138924190667379,,
,,,,,0.3293438059792186,0.4286742911762642,,
,,,,,0.3293438059792186,0.4286742911762642,,
,,,,,0.3293438059792186,0.41992583625429963,,
,,,,,0.3639076236981771,0.45910755728411257,,
,,,,,0.2977426012075995,0.40760226072225864,,
,,,,,0.3066304400496173,0.40760226072225864,,
,,,,,0.3066304400496173,0.40760226072225864,,
,,,,,0.3066304400496173,0.40760226072225864,,
,,,,,0.3066304400496173,0.40760226072225864,,
,,,,,0.3066304400496173,0.40760226072225864,,
,,,,,0.3066304400496173,0.40760226072225864,,
,,,,,0.3066304400496173,0.40760226072225864,,
,,,,,0.3066304400496173,0.40760226072225864,,
,,,,,0.3066304400496173,0.40760226072225864,,
,,,,,0.317987123014418,0.422698640749009,,
,,,,,0.3407004889440192,0.45289140080250956,,
,,,,,0.3407004889440192,0.45289140080250956,,
,,,,,0.3407004889440192,0.45289140080250956,,
,,,,,0.3407004889440192,0.4344060375044479,,
,,,,,0.3407004889440192,0.4344060375044479,,
,,,,,0.3520571719088199,0.4488862387545962,,
,,,,,0.31979760870445867,0.4286742911762642,,
,,,,,0.3087701049560291,0.4138924190667379,,
,,,,,0.3066304400496173,0.40760226072225864,,
,,,,,0.3066304400496173,0.40760226072225864,,
,,,,,0.29527375708481673,0.39250588069550835,,
,,,,,0.29527375708481673,0.39250588069550835,,
,,,,,0.29527375708481673,0.39250588069550835,,
,,,,,0.29527375708481673,0.39250588069550835,,
,,,,,0.3066304400496173,0.40760226072225864,,
,,,,,0.3066304400496173,0.40760226072225864,,
,,,,,0.3066304400496173,0.40760226072225864,,
,,,,,0.317987123014418,0.422698640749009,,
,,,,,0.3407004889440192,0.45289140080250956,,
,,,,,0.3407004889440192,0.45289140080250956,,
,,,,,0.3407004889440192,0.45289140080250956,,
,,,,,0.3407004889440192,0.4344060375044479,,
,,,,,0.36341385487362055,0.4633664400047445,,
,,,,,0.36341385487362055,0.4633664400047445,,
,,,,,0.3520571719088199,0.4488862387545962,,
,,,,,0.3639076236981771,0.45910755728411257,,
,,,,,0.3021211688724171,0.40760226072225864,,
,,,,,0.2909314959512165,0.39250588069550835,,
,,,,,0.2909314959512165,0.39250588069550835,,
,,,,,0.29527375708481673,0.39250588069550835,,
,,,,,0.29527375708481673,0.39250588069550835,,
,,,,,0.3066304400496173,0.3991105469572115,,
,,,,,0.3066304400496173,0.3991105469572115,,
,,,,,0.3066304400496173,0.3991105469572115,,
,,,,,0.3407004889440192,0.4434561632857905,,
,,,,,0.34687986055721964,0.4488862387545962,,
,,,,,0.34687986055721964,0.4488862387545962,,
,,,,,0.35806953347842024,0.4633664400047445,,
,,,,,0.3692592063996209,0.45910755728411257,,
,,,,,0.3692592063996209,0.45910755728411257,,
,,,,,0.3692592063996209,0.45910755728411257,,
,,,,,0.3692592063996209,0.45910755728411257,,
,,,,,0.3859626311950364,0.48693225772557397,,
,,,,,0.4190451424403252,0.528669308387766,,
,,,,,0.2909314959512165,0.39250588069550835,,
,,,,,0.29527375708481673,0.39250588069550835,,
,,,,,0.29527375708481673,0.39250588069550835,,
,,,,,0.3066304400496173,0.3991105469572115,,
,,,,,0.3066304400496173,0.3991105469572115,,
,,,,,0.3066304400496173,0.3991105469572115,,
,,,,,0.3520571719088199,0.45823803539531693,,
,,,,,0.35806953347842024,0.4633664400047445,,
,,,,,0.35806953347842024,0.4633664400047445,,
,,,,,0.35806953347842024,0.4633664400047445,,
,,,,,0.39163855224202215,0.4685574555472505,,
,,,,,0.39163855224202215,0.4685574555472505,,
,,,,,0.39163855224202215,0.4685574555472505,,
,,,,,0.39163855224202215,0.48693225772557397,,
,,,,,0.4190451424403252,0.528669308387766,,
,,,,,0.4300726461887548,0.5425816586084967,,
,,,,,0.2909314959512165,0.3843286748476852,,
,,,,,0.29527375708481673,0.39250588069550835,,
,,,,,0.29527375708481673,0.39250588069550835,,
,,,,,0.3066304400496173,0.3991105469572115,,
,,,,,0.3066304400496173,0.3991105469572115,,
,,,,,0.3066304400496173,0.3991105469572115,,
,,,,,0.317987123014418,0.4138924190667379,,
,,,,,0.32450051471481833,0.41992583625429963,,
,,,,,0.34687986055721964,0.4488862387545962,,
,,,,,0.35806953347842024,0.4633664400047445,,
,,,,,0.39163855224202215,0.4685574555472505,,
,,,,,0.39163855224202215,0.4598804656297088,,
,,,,,0.39163855224202215,0.4598804656297088,,
,,,,,0.39163855224202215,0.4598804656297088,,
,,,,,0.4363972439268247,0.5321473959429487,,
,,,,,0.4363972439268247,0.5425816586084967,,
,,,,,0.3021211688724171,0.3991105469572115,,
,,,,,0.3021211688724171,0.3991105469572115,,
,,,,,0.3021211688724171,0.3991105469572115,,
,,,,,0.31331084179361773,0.4138924190667379,,
,,,,,0.317987123014418,0.40544563500415143,,
,,,,,0.3066304400496173,0.3909654337540031,,
,,,,,0.3066304400496173,0.3909654337540031,,
,,,,,0.3021211688724171,0.3909654337540031,,
,,,,,0.33082511245288826,0.4173705066219205,,
,,,,,0.3418526162013179,0.4312828568426512,,
,,,,,0.3418526162013179,0.4312828568426512,,
,,,,,0.3478389753790368,0.4451952070633819,,
,,,,,0.3478389753790368,0.4451952070633819,,
,,,,,0.3478389753790368,0.4204621400043052,,
,,,,,0.3804488793208215,0.4598804656297088,,
,,,,,0.4072410539208794,0.49929879125511245,,
,,,,,0.4072410539208794,0.4902206314141103,,
,,,,,0.4179579237609025,0.5031211743460605,,
,,,,,0.4565386551849858,0.5418228031419114,,
,,,,,0.44566868720439096,0.5704063590499581,,
,,,,,0.44566868720439096,0.5704063590499581,,
,,,,,0.3212679425375826,0.42128335512150106,,
,,,,,0.309995383150299,0.4065014830119747,,
,,,,,0.309995383150299,0.4023107460737069,,
,,,,,0.309995383150299,0.4065014830119747,,
,,,,,0.309995383150299,0.4065014830119747,,
,,,,,0.31331084179361773,0.4138924190667379,,
,,,,,0.31331084179361773,0.4138924190667379,,
,,,,,0.31331084179361773,0.4138924190667379,,
,,,,,0.31331084179361773,0.4138924190667379,,
,,,,,0.3066304400496173,0.3991105469572115,,
,,,,,0.3066304400496173,0.3991105469572115,,
,,,,,0.3066304400496173,0.3991105469572115,,
,,,,,0.3066304400496173,0.3991105469572115,,
,,,,,0.3066304400496173,0.3991105469572115,,
,,,,,0.317987123014418,0.4138924190667379,,
,,,,,0.317987123014418,0.3973367223040684,,
,,,,,0.317987123014418,0.3973367223040684,,
,,,,,0.317987123014418,0.3973367223040684,,
,,,,,0.34687986055721964,0.42298895574952333,,
,,,,,0.3418526162013179,0.4312828568426512,,
,,,,,0.3418526162013179,0.4312828568426512,,
,,,,,0.3528801199497475,0.4451952070633819,,
,,,,,0.3478389753790368,0.4451952070633819,,
,,,,,0.36957891134022663,0.4730199075048433,,
,,,,,0.36957891134022663,0.4467410237545743,,
,,,,,0.3804488793208215,0.4598804656297088,,
,,,,,0.3965241840808562,0.48615934937997785,,
,,,,,0.4072410539208794,0.4902206314141103,,
,,,,,0.45010853328097195,0.5418228031419114,,
,,,,,0.4565386551849858,0.5418228031419114,,
,,,,,0.4565386551849858,0.5518565587556505,,
,,,,,0.4565386551849858,0.5518565587556505,,
,,,,,0.3212679425375826,0.41268573562922556,,
,,,,,0.31563166284394084,0.4096254869114107,,
,,,,,0.31563166284394084,0.4096254869114107,,
,,,,,0.309995383150299,0.4023107460737069,,
,,,,,0.309995383150299,0.4065014830119747,,
,,,,,0.309995383150299,0.4065014830119747,,
,,,,,0.31331084179361773,0.4138924190667379,,
,,,,,0.3021211688724171,0.3991105469572115,,
,,,,,0.3021211688724171,0.3991105469572115,,
,,,,,0.3021211688724171,0.3991105469572115,,
,,,,,0.3066304400496173,0.3991105469572115,,
,,,,,0.3066304400496173,0.3991105469572115,,
,,,,,0.3066304400496173,0.3991105469572115,,
,,,,,0.3066304400496173,0.3991105469572115,,
,,,,,0.3066304400496173,0.3991105469572115,,
,,,,,0.3293438059792186,0.4286742911762642,,
,,,,,0.3293438059792186,0.4115273195292137,,
,,,,,0.3293438059792186,0.4115273195292137,,
,,,,,0.3293438059792186,0.4115273195292137,,
,,,,,0.35806953347842024,0.4366337607737015,,
,,,,,0.3528801199497475,0.4366337607737015,,
,,,,,0.3528801199497475,0.4366337607737015,,
,,,,,0.3528801199497475,0.4366337607737015,,
,,,,,0.35870894335963166,0.42571791675435894,,
,,,,,0.3804488793208215,0.4515190026182595,,
,,,,,0.3804488793208215,0.4515190026182595,,
,,,,,0.4782785911461756,0.5574877481307081,,
,,,,,0.31563166284394084,0.4096254869114107,,
,,,,,0.309995383150299,0.4023107460737069,,
,,,,,0.309995383150299,0.4065014830119747,,
,,,,,0.30435910345665723,0.3991105469572115,,
,,,,,0.317987123014418,0.4138924190667379,,
,,,,,0.3066304400496173,0.3991105469572115,,
,,,,,0.3066304400496173,0.3991105469572115,,
,,,,,0.3066304400496173,0.3991105469572115,,
,,,,,0.3066304400496173,0.3991105469572115,,
,,,,,0.3066304400496173,0.3991105469572115,,
,,,,,0.317987123014418,0.4138924190667379,,
,,,,,0.3293438059792186,0.4286742911762642,,
,,,,,0.3293438059792186,0.4286742911762642,,
,,,,,0.3407004889440192,0.4434561632857905,,
,,,,,0.335690187636019,0.4344060375044479,,
,,,,,0.35806953347842024,0.4633664400047445,,
,,,,,0.35806953347842024,0.4366337607737015,,
,,,,,0.35806953347842024,0.4283953879289147,,
,,,,,0.3639076236981771,0.44178274380169325,,
,,,,,0.3639076236981771,0.44178274380169325,,
,,,,,0.3639076236981771,0.4336015818794397,,
,,,,,0.3913188473014164,0.4561263393796703,,
,,,,,0.4130587832626062,0.4814666915674298,,
,,,,,0.4782785911461756,0.5477072613213975,,
,,,,,0.31563166284394084,0.4138924190667379,,
,,,,,0.309995383150299,0.4065014830119747,,
,,,,,0.31331084179361773,0.4138924190667379,,
,,,,,0.3066304400496173,0.3991105469572115,,
,,,,,0.3066304400496173,0.3991105469572115,,
,,,,,0.317987123014418,0.4138924190667379,,
,,,,,0.317987123014418,0.4138924190667379,,
,,,,,0.317987123014418,0.4138924190667379,,
,,,,,0.317987123014418,0.4138924190667379,,
,,,,,0.3293438059792186,0.41992583625429963,,
,,,,,0.3293438059792186,0.41992583625429963,,
,,,,,0.3407004889440192,0.4344060375044479,,
,,,,,0.3528801199497475,0.4633664400047445,,
,,,,,0.3478389753790368,0.4633664400047445,,
,,,,,0.35870894335963166,0.4502785657978796,,
,,,,,0.36957891134022663,0.4551700996744719,,
,,,,,0.36957891134022663,0.4551700996744719,,
,,,,,0.4130587832626062,0.5087195231655862,,
,,,,,0.3913188473014164,0.4561263393796703,,
,,,,,0.32690422223122445,0.41992583625429963,,
,,,,,0.32690422223122445,0.4242549685868182,,
,,,,,0.31563166284394084,0.4096254869114107,,
,,,,,0.32450051471481833,0.41992583625429963,,
,,,,,0.3066304400496173,0.3991105469572115,,
,,,,,0.3066304400496173,0.3991105469572115,,
,,,,,0.317987123014418,0.4138924190667379,,
,,,,,0.317987123014418,0.4138924190667379,,
,,,,,0.317987123014418,0.4138924190667379,,
,,,,,0.317987123014418,0.4138924190667379,,
,,,,,0.3293438059792186,0.41992583625429963,,
,,,,,0.3293438059792186,0.41992583625429963,,
,,,,,0.3407004889440192,0.4344060375044479,,
,,,,,0.3528801199497475,0.4633664400047445,,
,,,,,0.36957891134022663,0.4824803056549402,,
,,,,,0.3804488793208215,0.4515190026182595,,
,,,,,0.4239287512432011,0.5031211743460605,,
,,,,,0.4239287512432011,0.5031211743460605,,
,,,,,0.32450051471481833,0.4115273195292137,,
,,,,,0.32690422223122445,0.41568416114061985,,
,,,,,0.32690422223122445,0.4242549685868182,,
,,,,,0.3212679425375826,0.4169402277491145,,
,,,,,0.32450051471481833,0.41992583625429963,,
,,,,,0.31331084179361773,0.4138924190667379,,
,,,,,0.31331084179361773,0.4138924190667379,,
,,,,,0.31331084179361773,0.4138924190667379,,
,,,,,0.317987123014418,0.4138924190667379,,
,,,,,0.317987123014418,0.40544563500415143,,
,,,,,0.317987123014418,0.40544563500415143,,
,,,,,0.3407004889440192,0.4173705066219205,,
,,,,,0.3407004889440192,0.4173705066219205,,
,,,,,0.3407004889440192,0.4173705066219205,,
,,,,,0.3528801199497475,0.4366337607737015,,
,,,,,0.33009535117541866,0.4228511294361477,,
,,,,,0.32450051471481833,0.41568416114061985,,
,,,,,0.3212679425375826,0.4085171928450919,,
,,,,,0.3212679425375826,0.41268573562922556,,
,,,,,0.31563166284394084,0.40544563500415143,,
,,,,,0.32450051471481833,0.41992583625429963,,
,,,,,0.31331084179361773,0.40544563500415143,,
,,,,,0.31331084179361773,0.40544563500415143,,
,,,,,0.335690187636019,0.4344060375044479,,
,,,,,0.3212679425375826,0.41268573562922556,,
,,,,,0.3212679425375826,0.4169402277491145,,
,,,,,0.3212679425375826,0.4169402277491145,,
,,,,,0.32450051471481833,0.41992583625429963,,
,,,,,0.32450051471481833,0.41992583625429963,,
,,,,,0.32450051471481833,0.41992583625429963,,
,,,,,0.335690187636019,0.4344060375044479,,
,,,,,0.32690422223122445,0.41992583625429963,,
,,,,,0.32690422223122445,0.4242549685868182,,
,,,,,0.3325405019248662,0.431569709424522,,
,,,,,0.32450051471481833,0.41992583625429963,,
,,,,,0.335690187636019,0.4344060375044479,,
,,,,,0.35806953347842024,0.4633664400047445,,
,,,,,0.35806953347842024,0.4540991112046496,,
,,,,,0.3412850240966193,0.428527936006863,,
,,,,,0.3412850240966193,0.4328132153669317,,
,,,,,0.33082511245288826,0.40934415072534514,,
,,,,,0.3418526162013179,0.42298895574952333,,
,,,,,0.3528801199497475,0.4366337607737015,,
,,,,,0.3639076236981771,0.4502785657978796,,
,,,,,0.3639076236981771,0.4502785657978796,,
,,,,,0.3639076236981771,0.4502785657978796,,
,,,,,0.3859626311950364,0.4598804656297088,,
,,,,,0.39699013494346597,0.4730199075048433,,
,,,,,0.39699013494346597,0.4730199075048433,,
,,,,,0.3943338749164719,0.4843905783583251,,
,,,,,0.40801763869189556,0.48615934937997785,,
