Dissolved Oxygen,Salinity,Temperature,pH,Turbidity,Dissolved Organic Matter,Suspended Matter,Chlorophyll
12.94405,0.10730593651533127,30.282979640000008,7.306547051442911,-0.15831485390663147,0.43382482675556927,0.5171971653811499,0.054309915751218796
9.7058,0.11860940605401993,26.441125160000013,7.357740932642487,-0.20804710686206818,0.4346227301040584,0.5170266281198376,0.02063106745481491
9.3848,0.10153846442699432,25.979692460000024,7.253264875239924,-0.24639075994491577,0.41934436434081607,0.49247649789273146,0.021250000223517418
9.98845,0.1444600224494934,26.745328940000036,7.44525170998632,-0.2103918194770813,0.4372682464000206,0.5258427357924879,0.015400956384837627
9.2109,0.09074889868497849,26.745328940000036,7.351935483870968,-0.18367347121238708,0.5267147178990854,0.5869547335230376,0.028831563889980316
8.9758,0.08726178854703903,26.386436839999988,7.2729218181818185,-0.24483516812324524,0.5214154673579096,0.600435481181324,0.010938399471342564
9.730350000000001,0.13569577038288116,27.753644839999993,7.388020442930154,-0.24956369400024414,0.459618096431074,0.5231556580698727,0.017142856493592262
11.61155,0.11253196746110916,26.348838620000038,6.894435064935065,-0.2361251264810562,0.4078575056359474,0.5025368291958329,0.030108904466032982
8.6939,0.10410959273576736,26.075397020000025,7.195744376278119,-0.2303120344877243,0.41549766166538454,0.5016320994682328,0.01458465401083231
9.238,0.09302325546741486,26.188191680000045,7.302253623188406,-0.2353794127702713,0.4152552604838243,0.5033079305354986,0.019218847155570984
9.0588,0.1311754733324051,25.41230114000001,7.391070754716981,-0.15737850964069366,0.4164340121737783,0.5042882922228957,0.01664932444691658
8.995800000000001,0.11753731220960617,25.40888312000004,7.390301003344482,-0.1748582273721695,0.4169390791611164,0.5029794588040687,0.04118616133928299
9.2508,0.08395061641931534,25.490915599999994,7.1219410430839005,-0.24887330830097198,0.4036766041955565,0.4869776354400634,0.009900989942252636
9.289950000000001,0.12201257795095444,25.767775220000033,7.0994334085778785,-0.24543209373950958,0.4163694334089803,0.5002440748432515,-0.0013106160331517458
8.94135,0.08071748912334442,25.80879146000001,7.197435582822086,-0.2298850566148758,0.4173976784741913,0.501436782336088,-0.005628517828881741
9.45355,0.08367854356765747,28.054430600000046,7.3628914858096834,-0.19947849214076996,0.5095865212072763,0.5717343977477896,0.020733652636408806
9.174800000000001,0.10047847032546997,26.157429500000035,7.314596745027125,-0.236689031124115,0.5069251823658132,0.5702398787918187,0.013302487321197987
8.88835,0.10219922661781311,26.085651080000048,7.258564516129033,-0.2423529475927353,0.46490284612843186,0.5248137539661294,0.01948842965066433
9.1112,0.10741688311100006,26.290732280000043,7.22880462184874,-0.241075798869133,0.43301471684530146,0.5158015714941893,0.018342820927500725
9.43145,0.09355509281158447,26.318076440000027,7.541574834437086,-0.15025466680526733,0.40313619781243015,0.4789326563486539,0.054768647998571396
9.4969,0.10465116053819656,25.682324719999997,7.041274553571429,-0.23907454311847687,0.40091628105014543,0.5002556725827005,0.010695187374949455
8.67405,0.09867452085018158,25.55585798000004,7.11307268722467,-0.2427774965763092,0.4160782188127714,0.5008873713178849,0.00862640980631113
9.3004,0.10233917832374573,25.28241638000003,6.891218508997429,-0.24453280866146088,0.38921398107211996,0.46975326130420997,-0.01604278013110161
8.88315,0.0833333358168602,25.33026866,7.275263358778626,-0.2580321431159973,0.386380153608674,0.4672138869795131,0.015978695824742317
8.65005,0.09154113382101059,25.350776780000047,7.2745605468750005,-0.2559313476085663,0.388651866309895,0.46926307069433554,0.024487094953656197
9.4416,0.10102488845586777,25.42597322000006,6.8862219251336905,-0.25292620062828064,0.39036689491207716,0.46915015850215686,-0.01803051307797432
9.3353,0.101408451795578,25.57294808000006,7.00212030075188,-0.24623115360736847,0.3859935378759456,0.4615450310424617,-0.013513513840734959
9.305,0.0955585464835167,25.538767880000023,7.034045563549161,-0.2577733099460602,0.40496557841783415,0.4831447985010624,0.009370816871523857
9.22045,0.0941028892993927,25.931840179999995,7.152201298701299,-0.23753665387630463,0.40438723577246866,0.48140437922598445,-0.012329655699431896
9.87235,0.1209213063120842,26.536829720000014,7.482665757162347,-0.17393144965171814,0.4185338567027794,0.5001989519139614,0.009137055836617947
9.187000000000001,0.1297915279865265,27.34690046000003,7.587386394557823,-0.17702935636043549,0.4629545090670233,0.5372568067460376,0.0512692891061306
8.68725,0.11220472306013107,26.471887340000023,7.438948333333334,-0.21706517040729523,0.4354994126644451,0.5178097030792013,0.021675454452633858
9.028649999999999,0.09798271209001541,26.201863760000037,7.15598206278027,-0.23643603920936584,0.402684665567655,0.49030904175973195,0.006476684007793665
9.1774,0.10606060922145844,25.37812094000003,7.018630806845966,-0.24248497188091278,0.4017982037884747,0.5003883241828773,-0.011371237225830555
9.1583,0.1082802563905716,25.340522720000024,6.956425641025642,-0.24773414433002472,0.4174499956666043,0.5035030983144407,-0.012881356291472912
9.30105,0.125,25.258490240000015,6.918143617021277,-0.2593718469142914,0.38760583843675783,0.46745496741655107,-0.014573212713003159
9.313600000000001,0.110047847032547,25.21747400000004,6.849954177897574,-0.25415199995040894,0.38807480340520323,0.46999023454355193,-0.022068966180086136
9.4118,0.106451615691185,25.275580340000033,6.882857526881721,-0.23373983800411224,0.38977213248994835,0.4690260514122948,-0.030054645612835884
9.34725,0.09904153645038605,25.340522720000024,6.892307277628033,-0.23446893692016602,0.39239122082416567,0.4836508809755622,-0.0324324332177639
9.1851,0.11433172225952148,25.44306332000002,6.9542558139534885,-0.2562659978866577,0.3879296157119613,0.4618123405365549,-0.009722222574055195
9.33405,0.09828393161296844,25.487497580000024,6.951501278772379,-0.25579002499580383,0.38860968265661033,0.464048306904686,-0.004166666883975267
9.1883,0.09256449341773987,25.508005700000012,6.956552238805971,-0.25012582540512085,0.3898532336411115,0.478434653770371,-0.019151845946907997
9.2114,0.10274963825941086,25.518259759999978,6.890678756476684,-0.26075950264930725,0.38962722469349503,0.4821488483179412,-0.007591442205011845
9.3975,0.09510869532823563,26.0207087,6.985903755868545,-0.24398624897003174,0.38820522752308084,0.4935443774123152,-0.010498687624931335
10.35615,0.1034482792019844,28.93286174000002,6.9663858921161825,-0.24036173522472382,0.3857476102305823,0.46534931441017013,-0.0082122553139925
10.8376,0.14627321064472198,27.169163420000018,7.851525229357799,-0.04067617654800415,0.43280422968607224,0.5136294462672784,0.08651911467313766
10.45575,0.11817026883363724,26.119831280000028,7.044852295409182,-0.23426911234855652,0.41626090212509403,0.4927525136717828,0.03536585345864296
9.0448,0.11827956885099411,25.340522720000024,7.050418604651163,-0.2529999911785126,0.40286849389168417,0.5012203541261184,0.004000000189989805
9.0509,0.12377849966287613,25.337104700000054,6.970727493917275,-0.25600001215934753,0.4182119532682215,0.5033622535925072,-0.004726536106318235
9.16935,0.12745098769664764,25.207219940000016,6.908627551020409,-0.26880642771720886,0.3863933930602094,0.4625158837708533,0.002735978225246072
9.16765,0.12091503292322159,25.203801920000046,6.9173273195876295,-0.2619521915912628,0.3844176303076513,0.46232469890761146,-0.015068492852151394
9.17525,0.1229235902428627,25.220892020000008,6.887971279373368,-0.2502453327178955,0.38911158243338967,0.46601665168307105,-0.0324324332177639
9.16355,0.11627907305955887,25.29267044000005,6.90640157480315,-0.22507403790950775,0.35647538829512593,0.4398807437305313,-0.042496681213378906
9.20035,0.125827819108963,25.306342520000044,6.951358441558442,-0.23344947397708893,0.37275440760422063,0.4583274739915868,-0.034251175820827484
9.08745,0.1162029430270195,25.371284899999978,6.9690839694656495,-0.2440626621246338,0.38982490753600896,0.4779488544401878,-0.024657534435391426
9.109300000000001,0.09354838728904724,25.484079560000055,6.937519083969466,-0.24200913310050964,0.3888407773346558,0.4921196961096766,-0.023989032953977585
9.23085,0.09516380727291107,25.405465100000015,6.8928324607329845,-0.2524123787879944,0.38801918607619323,0.49545736709918387,-0.015172413550317287
9.091000000000001,0.09251101315021515,25.586620160000052,6.974649758454107,-0.2598503828048706,0.38721809541424906,0.4927478947328389,-0.01504787988960743
8.880700000000001,0.0984308123588562,25.81220947999998,7.035032558139536,-0.2624254524707794,0.38459487879213033,0.4783146667053213,-0.008152173832058907
9.4471,0.11052631586790085,26.092487119999987,7.116400432900433,-0.2666996419429779,0.3858289644829341,0.4670244628730074,0.011340893805027008
9.300550000000001,0.1263650506734848,25.29608846000002,7.045632420091325,-0.2586037218570709,0.4057449338123856,0.4778567366775631,0.0033046926837414503
8.95475,0.12903225421905518,25.272162320000007,6.9963411764705885,-0.26383399963378906,0.41364313196440033,0.5090041841182898,0.0013404826167970896
9.0084,0.1221122145652771,25.097843300000022,6.978063106796117,-0.26564809679985046,0.3996267168319129,0.4801234024577462,-0.0020174849778413773
8.9756,0.1281197965145111,25.026064880000035,6.964750617283951,-0.2555174231529236,0.3772447174577985,0.4556881776703718,-0.023600809276103973
8.9413,0.1133333370089531,25.13544152000003,6.939939849624061,-0.2528007924556732,0.36703005803272004,0.4420480679324276,-0.03230148181319237
8.99925,0.1209540069103241,25.17987578000003,6.9488919597989955,-0.23039689660072327,0.3536616908574758,0.4380997315614231,-0.03989535570144653
9.09705,0.1153184175491333,25.340522720000024,6.907404699738904,-0.2321699559688568,0.36815184850478544,0.44380811262173175,-0.02985074557363987
9.12125,0.12393888086080551,25.343940739999994,6.9458230769230775,-0.2405446320772171,0.36810769643457564,0.4663703115406795,-0.023793337866663933
9.0383,0.1133333370089531,25.456735400000014,6.9312061068702295,-0.23971915245056152,0.34913446504525303,0.4439311486499748,-0.020875420421361923
8.94795,0.09803921729326248,25.552439960000015,6.9496400000000005,-0.24874624609947205,0.3689586142543774,0.4723189175051589,-0.01904761977493763
9.03885,0.09233176708221436,25.607128279999984,6.949066831683169,-0.26774847507476807,0.3699850873441723,0.4735224883009944,-0.0013869625981897116
9.09705,0.1111111119389534,25.617382340000006,6.984812652068127,-0.2646911144256592,0.388170861524858,0.4966709028800854,-0.005494505632668734
8.9454,0.10000000149011612,25.668652640000005,7.014232227488153,-0.26692837476730347,0.3868392156911402,0.4952147159487882,-0.010141988284885883
8.36435,0.10093896836042404,26.437707140000043,7.32600185873606,-0.2608899176120758,0.3852876568002596,0.46299829929499486,-0.003178639570251107
7.213650000000001,0.11699999868869781,27.565653740000016,7.837132551848512,-0.1428571492433548,0.42082536726069947,0.5030439255859891,0.07277186959981918
9.0643,0.11272726953029633,24.940614380000056,7.1667475728155345,-0.25058990716934204,0.43608405932998484,0.5160217172780108,0.026364194229245186
9.0054,0.13029827177524567,25.05340904000002,7.05134649122807,-0.2592950165271759,0.4049939683092616,0.47820809862346675,0.012870012782514095
8.82795,0.12359550595283508,25.046573000000024,7.00650786516854,-0.26030054688453674,0.41344496812294085,0.5104127855684673,0.001962066628038883
8.6839,0.12479200959205627,24.981630620000033,6.973578454332554,-0.2574734687805176,0.3988756819902422,0.4784000056607223,-0.008513425476849079
8.9812,0.125,25.05340904000002,6.961324582338903,-0.2602607309818268,0.3787178176858937,0.4552180830288546,-0.01726427674293518
9.0137,0.12436115741729736,25.142277560000025,6.930262254901962,-0.2533460855484009,0.3520850844509258,0.42224054119253457,-0.03238598629832268
8.937850000000001,0.11764705926179886,25.080753200000004,6.964012135922331,-0.23498818278312683,0.3526745126056986,0.4487262604188973,-0.05201560631394386
8.9201,0.12390924990177155,25.326850640000032,6.936784653465347,-0.21585902571678162,0.38021689829684546,0.48329119692494854,-0.0470588244497776
9.0152,0.125,25.350776780000047,6.908627551020409,-0.24230387806892395,0.3841041471791092,0.48588509157992765,-0.01733333244919777
9.02525,0.11340206116437912,25.456735400000014,6.874872448979592,-0.24199113249778748,0.36998332017387575,0.46906198582980274,-0.017195766791701317
8.9926,0.09666666388511658,25.42597322000006,6.914492500000001,-0.23875433206558228,0.37193136709722113,0.4744686667927602,-0.020543405786156654
9.12045,0.09446254372596741,25.590038180000022,6.917140350877194,-0.2575383186340332,0.3902554808685321,0.4950522035768369,-0.026657553389668465
9.099,0.10443037748336792,25.654980560000013,6.936424623115578,-0.27048370242118835,0.38752041982864344,0.4897007102883893,-0.021423636004328728
9.1317,0.09428130090236664,25.46357144000001,6.999950859950861,-0.27468231320381165,0.3848786468364244,0.4901474022205514,-0.01089918240904808
9.22805,0.10655737668275833,25.51484174000001,7.0510167464114835,-0.2823297083377838,0.38414255776082956,0.46179414246978046,-0.005532503593713045
9.06605,0.10888252407312393,25.75752116000001,7.007731707317074,-0.28200098872184753,0.41769232599535056,0.5005736213378156,-0.013850415125489235
9.5148,0.10419485718011856,26.52999368000002,6.94626616915423,-0.2748885452747345,0.40999538658182555,0.5000223288033027,-0.004115226212888956
8.6115,0.12487512826919556,24.82098368000004,7.346345146379045,-0.20664045214653015,0.4389005939334545,0.5189822910954018,0.03146666660904884
8.66625,0.11627907305955887,24.916688239999985,7.2326717267552185,-0.23194946348667145,0.40459713154118515,0.47849122084086143,0.0040959627367556095
8.3783,0.13513512909412384,25.306342520000044,7.232650763358779,-0.24267399311065674,0.40645078114490646,0.47906875542690014,0.02591283805668354
8.43605,0.13260529935359955,25.063663099999985,7.18947,-0.24182404577732086,0.4118213361658126,0.5084392725595538,0.0006071645184420049
8.47535,0.13731825351715088,25.00213874000002,7.149220374220374,-0.24067163467407227,0.38186318742238595,0.4583087620561281,0.004281345754861832
8.55155,0.13087248802185059,24.995302700000025,7.058775109170306,-0.2570621371269226,0.38553520856912826,0.464168795223421,0.00315855978988111
8.46395,0.13605442643165588,25.13885954,7.078134903640257,-0.23929236829280853,0.3878671025944866,0.4657758112392476,-0.028319697827100754
8.52025,0.1340206116437912,25.24823618000005,7.002491954022989,-0.2067195475101471,0.3682296010787466,0.4552306261498522,-0.05459057167172432
8.91615,0.12631578743457794,25.326850640000032,6.889742718446602,-0.23216849565505981,0.3789882580587497,0.45706260942034255,-0.032839663326740265
8.763150000000001,0.12455516308546066,25.74043105999999,6.91815421686747,-0.23187710344791412,0.3857124650367556,0.47558623006097317,-0.022364217787981033
8.7507,0.11423549801111221,25.675488680000058,6.932510688836105,-0.22786647081375122,0.39026966969610655,0.48139682421251123,-0.027688344940543175
8.8016,0.11724138259887695,25.66181660000001,6.969768867924529,-0.22558923065662384,0.39239122082416567,0.4993353404675606,-0.03139013424515724
8.904250000000001,0.10169491171836853,25.566112040000007,6.982800486618006,-0.23923444747924805,0.3885435363276475,0.4795298151880564,-0.03515625
9.01625,0.08514190465211868,25.596874220000018,6.977124378109453,-0.25531914830207825,0.38541352815811253,0.46370505394167105,-0.030789826065301895
9.02355,0.09515859931707382,25.730177000000026,6.9703879093199,-0.25915080308914185,0.384530646801511,0.47792324107586753,-0.02985074557363987
9.0158,0.0966719463467598,25.439645300000052,6.91448167539267,-0.2884520888328552,0.4003292797303936,0.48141075260012794,-0.021156558766961098
9.273900000000001,0.09939759224653244,25.453317380000044,6.922519582245432,-0.29038652777671814,0.4095811776363528,0.5014533693482284,-0.012014133855700493
9.2702,0.0975254699587822,25.52509580000003,6.958529715762275,-0.286868691444397,0.4020838477800528,0.4877575666369733,-0.0007087172125466168
9.14935,0.09570041298866272,25.948930280000013,7.002289603960397,-0.2883933186531067,0.43751621121894474,0.5167174668098313,0.0042553190141916275
9.43945,0.08953341841697693,26.779509140000016,7.110744874715262,-0.2742657959461212,0.46842315351043623,0.5556890592489048,0.012863913550972939
8.33125,0.13821138441562653,27.387916700000005,7.595884248210025,-0.1515151560306549,0.42019151073060307,0.5063894890332489,0.04037558659911156
8.44585,0.108829565346241,25.162785680000013,7.407204580152673,-0.21912351250648499,0.3841398012843818,0.4591075572841126,0.02163061499595642
8.28665,0.12621359527111053,25.12176943999998,7.163265060240964,-0.2353213131427765,0.39001323662218296,0.4672203213183305,0.009580838494002819
8.4271,0.1428571492433548,25.13544152000003,7.093287815126051,-0.23120567202568054,0.3887492709749195,0.4684825462817752,-0.006188118830323219
8.5205,0.12941177189350128,25.203801920000046,7.011063876651983,-0.22049404680728912,0.38649183211841487,0.4665019166533987,-0.04732636734843254
8.79545,0.12456747144460678,25.309760540000013,6.894746376811595,-0.2447158247232437,0.3833471694121432,0.46300067252151483,-0.029449423775076866
8.68525,0.12411347776651382,25.29608846000002,6.911629807692308,-0.2374100685119629,0.38787440279780666,0.4670432079760749,-0.026468688622117043
8.6798,0.11743772029876709,25.72334096000003,6.934259345794393,-0.2262703776359558,0.390969513502339,0.47045379589089303,-0.027371101081371307
8.8754,0.11463844776153564,25.41230114000001,6.9275336538461545,-0.22402288019657135,0.40473285034129947,0.4868764296749289,-0.03562340885400772
8.84985,0.11226252466440201,25.607128279999984,6.970801470588236,-0.25335893034935,0.4149576802446587,0.49861622284601453,-0.022339027374982834
8.90845,0.10726643353700638,25.607128279999984,6.951113861386139,-0.2547307014465332,0.4175138877204984,0.5014465846385479,-0.019243530929088593
8.9793,0.10427350550889969,25.72675898,6.957177215189874,-0.26985692977905273,0.40752029005471824,0.5020500101314943,-0.011619959026575089
8.89585,0.08196721225976944,25.381538960000057,6.939130208333334,-0.2883015275001526,0.40939155898709917,0.5009942031099685,-0.013947001658380032
8.979849999999999,0.0963665097951889,25.39862906000002,6.918531088082902,-0.3023023009300232,0.4207021788870222,0.5001345298788799,-0.004322766792029142
9.2429,0.10197868943214417,25.41230114000001,6.901595238095238,-0.2940579056739807,0.43750654042892634,0.5201803814542789,-0.0014409221475943923
9.36145,0.0893118605017662,25.648144520000017,6.90815873015873,-0.2857142984867096,0.4392682784263433,0.5212872450053375,-0.010028652846813202
9.46305,0.07945205271244049,26.030962760000023,6.979139175257733,-0.28145527839660645,0.46656387257351156,0.5543841658879809,0.004201680887490511
9.3101,0.09774436056613922,26.69405863999998,7.101364896073903,-0.27541953325271606,0.4612894770415601,0.5542195101555385,0.021985342726111412
8.57205,0.14374352991580963,25.44648133999999,7.3612966867469884,-0.20246478915214539,0.38958060117484367,0.46523065753096116,0.016820400953292847
8.6073,0.13432836532592773,25.128605480000033,7.007731707317074,-0.23098725080490112,0.3885254477086379,0.4665541677619714,-0.011180124245584011
8.5772,0.12351945787668228,25.320014600000036,6.951226027397261,-0.2401869148015976,0.38909544475993113,0.4711502636016621,-0.02651515230536461
8.67895,0.13684210181236267,25.350776780000047,6.887200488997555,-0.24044734239578247,0.3881815801200252,0.4699617236457936,-0.040204212069511414
8.61805,0.12720848619937897,25.309760540000013,6.898289537712896,-0.24387946724891663,0.3912417553299228,0.4721629873825519,-0.03213367611169815
8.790700000000001,0.13105924427509308,25.54902193999999,6.920997560975611,-0.2330610305070877,0.40433356232750983,0.485851426665087,-0.03100775182247162
8.81,0.11150442808866501,25.518259759999978,6.9653731707317075,-0.2424830198287964,0.40245205915915283,0.4825835099983957,-0.02493438310921192
8.83565,0.11538461595773697,25.57636610000003,6.948414814814815,-0.2542209327220917,0.41491907979619796,0.4976918091552758,-0.021810971200466156
8.90995,0.09466437250375748,25.54560392000002,6.9326802030456856,-0.2583616077899933,0.4064043482857954,0.49677270056462736,-0.024782316759228706
8.99955,0.1006944477558136,25.69599679999999,6.921285714285715,-0.2626953125,0.3979731355759334,0.4845448447779675,-0.025815216824412346
9.0601,0.0957983210682869,25.71992294000006,6.89932722513089,-0.2782478928565979,0.4415004331483366,0.5247144659333289,-0.018973998725414276
9.148299999999999,0.09728867560625076,25.778029280000055,6.897106217616581,-0.2804020047187805,0.44136891678457485,0.5238277782877897,-0.012014133855700493
9.340300000000001,0.09147287160158157,25.92158612000003,6.857938337801609,-0.2820774018764496,0.4368278991017525,0.5192743243545503,-0.011477761901915073
9.29235,0.08841463178396225,25.95918433999998,6.869518817204302,-0.2841253876686096,0.4389951679884225,0.5200641217389761,-0.012151536531746387
9.41565,0.08588063716888428,25.607128279999984,6.901808108108108,-0.2822868824005127,0.4603187562295196,0.5456995367564363,-0.0035688793286681175
9.353,0.08042895793914795,25.880569880000053,6.970613402061856,-0.29642677307128906,0.46257913023514374,0.5519235397677582,0.02442428469657898
7.89145,0.13333334028720856,25.323432620000005,7.397069486404835,-0.2203090488910675,0.4220583577502808,0.5052251730303832,0.04125950112938881
8.54125,0.12794612348079681,25.10467934000002,6.9619056179775285,-0.23636363446712494,0.4189887750884512,0.5043515832718792,-0.015499070286750793
8.76205,0.12286689132452011,25.333686680000028,6.895650943396227,-0.23827391862869263,0.41714560103506565,0.5049774154383835,-0.02138364687561989
8.612,0.12455516308546066,25.340522720000024,6.846669172932332,-0.24452725052833557,0.41684332161402576,0.5049760934526055,-0.03509891405701637
8.9109,0.12811388075351715,25.354194800000016,6.828735516372796,-0.25754716992378235,0.40740109459232027,0.5012275166679763,-0.023407021537423134
8.95295,0.12811388075351715,25.501169660000016,6.9163143564356435,-0.22698795795440674,0.40202834178424035,0.5027145669757127,-0.036845508962869644
8.859300000000001,0.12186379730701447,25.51142372000004,6.944972772277229,-0.2537028193473816,0.39960655393117095,0.5015934784725401,-0.03994673863053322
9.02795,0.10380622744560242,25.59345619999999,6.938163265306123,-0.2566201388835907,0.3986745989707377,0.5004293521681825,-0.03346720337867737
8.9928,0.09621993452310562,25.57636610000003,6.905954198473283,-0.259331077337265,0.434798719223796,0.5328264440874951,-0.02688172087073326
9.13335,0.08747855573892593,25.51142372000004,6.89175,-0.2626953125,0.4375709858416359,0.5245745291545297,-0.025815216824412346
9.40485,0.07236842066049576,25.569530060000034,6.848164864864866,-0.2965378761291504,0.43704234250804685,0.5229137881594638,0.0007127583958208561
9.2126,0.07401575148105621,25.74043105999999,6.837574866310161,-0.3028455376625061,0.4361693262436576,0.5216964429079011,0.007953723892569542
9.3728,0.07458142936229706,25.80879146000001,6.824331521739131,-0.27655309438705444,0.4601658447850562,0.548095121646313,-0.02193913608789444
9.3442,0.0801815465092659,25.825881560000028,6.857571815718158,-0.285072386264801,0.4643354079693503,0.5246086411670903,-0.019217081367969513
9.1845,0.06824925541877747,25.84297165999999,6.949898437500001,-0.2901606559753418,0.4836633886540552,0.5440155615177477,-0.009279086254537106
9.56905,0.08504398912191391,25.65839858000004,6.861099730458221,-0.30368873476982117,0.5018398764659677,0.5643294253335942,0.004335260018706322
8.77135,0.09951456636190414,25.11493340000004,7.179774137931035,-0.210317462682724,0.42450342634833965,0.4816118706685056,0.008470353670418262
8.7737,0.0926365777850151,25.20038390000002,7.167888698630137,-0.23433133959770203,0.42498461363733114,0.5135408436372513,-0.004188481718301773
8.697,0.11335012316703796,25.453317380000044,7.122397548161121,-0.20943708717823029,0.4248345819082507,0.5151230726465283,-0.008980453945696354
8.67135,0.11278195679187775,25.83955364000002,7.0813019891500915,-0.20972393453121185,0.41634048311899363,0.5152819525149875,-0.005241089966148138
8.3386,0.13232830166816711,25.241400139999996,7.069452479338843,-0.24812734127044678,0.4182627500363139,0.5005022671343113,0.004339739680290222
8.5451,0.12690354883670807,25.00213874000002,7.0107878787878795,-0.2554880976676941,0.41738451803900295,0.49972264421882634,-0.0018856065580621362
8.33045,0.125,25.00555675999999,7.042432203389831,-0.25359296798706055,0.41334800635743363,0.49904731868333946,-0.014492753893136978
8.82595,0.12212389707565308,25.039736960000027,6.9016899038461546,-0.24369747936725616,0.41334800635743363,0.4865915073702727,-0.033822592347860336
8.77725,0.1111111119389534,25.049991019999993,6.885669117647059,-0.24105460941791534,0.4074348220821038,0.4730199075048433,-0.03267136588692665
9.0231,0.11538461595773697,25.012392800000043,6.886050125313283,-0.258801132440567,0.40238915357416255,0.4792154985484716,-0.020301245152950287
9.1799,0.10956522077322006,25.094425279999996,6.793640750670242,-0.26003822684288025,0.40104297820143586,0.48009751210591334,-0.020435068756341934
9.0085,0.10769230872392654,25.637890459999994,6.914956632653062,-0.25755396485328674,0.40020920901598583,0.4802971368510716,-0.018421052023768425
9.0918,0.09031198918819427,25.600292240000044,6.867111398963731,-0.2602212727069855,0.43501009439113864,0.5202039381786432,-0.0226063821464777
9.0059,0.08223684132099152,25.51142372000004,6.91889898989899,-0.29289939999580383,0.43608304960793637,0.5210344996744257,-0.0034989502746611834
8.9017,0.07523510605096817,25.54560392000002,6.982555831265509,-0.2981397807598114,0.46324349524778263,0.5521256258247659,0.01133144460618496
8.98365,0.06849315017461777,25.70966887999998,6.971424390243903,-0.2947799265384674,0.46370820853388883,0.5542626123977206,0.013600572943687439
8.931000000000001,0.07977207750082016,25.798537399999987,7.0310496453900715,-0.2927950918674469,0.46131397563590437,0.5487084511865868,0.014946619048714638
8.73025,0.06534090638160706,25.85322572000001,7.049112412177987,-0.28166159987449646,0.4921658861325571,0.566902555505458,0.002812939463183284
9.0216,0.08005822449922562,25.85664373999998,7.0459448441247,-0.28088754415512085,0.5054170346950434,0.565243431679083,-0.009200283326208591
9.2721,0.08695652335882187,25.737013040000022,6.958562340966921,-0.2918563485145569,0.5040947651000885,0.5650258629986832,-0.005747126415371895
9.3206,0.10000000149011612,26.39669090000001,6.923721649484537,-0.2968127429485321,0.5337148590367449,0.600170392628861,0.0014144271844998002
8.452,0.09026128053665161,25.760939180000037,7.112915596330276,-0.13986267149448395,0.4573888202784402,0.5229137881594638,-0.010615711100399494
8.424150000000001,0.09243697673082352,25.86689780000006,7.146888297872341,-0.15207715332508087,0.44714690786368533,0.5193565515053177,-0.017356475815176964
8.5108,0.09026128053665161,25.771193240000002,7.102994565217392,-0.16590909659862518,0.43633044454662034,0.5149733073138523,-0.007319304626435041
8.54405,0.09903381764888763,25.00555675999999,7.047583955223881,-0.17778635025024414,0.42529854395620287,0.4980518648690406,0.005597014911472797
8.44295,0.101234570145607,24.964540520000014,7.031656015037594,-0.20918984711170197,0.4248559314525448,0.5156576581315249,0.018018018454313278
8.136849999999999,0.1147540956735611,25.00555675999999,7.127348837209302,-0.22205089032649994,0.42513652546326725,0.5156032081804618,-0.01560140959918499
8.42285,0.10785619169473648,25.026064880000035,7.108949458483755,-0.2434544712305069,0.42372847630914345,0.5132951532525383,-0.006237006280571222
8.37905,0.10810811072587967,25.14569558000005,7.105456074766356,-0.23184242844581604,0.4229021964559782,0.5138457220846699,-0.0021413275972008705
8.4859,0.11201079934835434,25.34735876000002,7.07956106870229,-0.206722691655159,0.42206704402000533,0.5149648053269595,-0.005860415752977133
8.394449999999999,0.09931972622871399,25.255072219999988,7.080855287569573,-0.20938166975975037,0.4159058499583313,0.516208681668329,0.0021528524812310934
8.28585,0.10928961634635925,25.214055980000012,7.13663471971067,-0.2088472992181778,0.42500178391741805,0.5121385918607485,0.0005373455351218581
8.263950000000001,0.12242090702056885,25.091007260000026,7.157785843920146,-0.2160133421421051,0.42302108319343545,0.5069281446019647,-0.00804289523512125
8.7062,0.1183098554611206,25.073917160000008,7.031912524850895,-0.2216835618019104,0.4221709683169711,0.5071711292751284,-0.004550625570118427
8.6818,0.10551181435585022,25.070499140000038,7.011870410367171,-0.23779095709323883,0.42185587362829696,0.5070501166778536,-0.0005991611978970468
8.7142,0.12602292001247406,25.128605480000033,6.965656108597285,-0.23827217519283295,0.4227424349407504,0.506906287954358,-0.003671970684081316
8.37955,0.12310286611318588,25.10126132000005,7.043424947145878,-0.2434988170862198,0.4212250536236623,0.5044282883998845,0.0006246096454560757
8.5196,0.11262798309326172,25.08417122000003,6.992925531914894,-0.2577224671840668,0.42019151073060307,0.5031766208056536,-0.0043668122962117195
8.63065,0.11986301094293594,25.056827060000046,6.950434497816595,-0.2626168131828308,0.4187099599555705,0.5024629833801447,0.0037878789007663727
8.5021,0.1284722238779068,25.03290092000003,7.056449152542373,-0.25827813148498535,0.41800559503820633,0.4768812945048828,-0.0025575447361916304
8.9377,0.12262521684169769,25.111515380000014,6.891244498777507,-0.2553494870662689,0.41824735651596123,0.4766938485340072,-0.024198822677135468
9.01035,0.10769230872392654,24.97479457999998,6.883977443609023,-0.2545454502105713,0.4028282251632228,0.47947751716361253,-0.017635531723499298
8.88155,0.0994940996170044,25.10126132000005,6.93977261613692,-0.2581574022769928,0.4012715628917962,0.4797680906683871,-0.02113606408238411
8.86655,0.06752411276102066,25.39521104000005,7.015014251781473,-0.25623801350593567,0.4217121682801056,0.506202872130355,-0.034022681415081024
9.1129,0.08598726242780685,25.13885954,6.9660985221674885,-0.27370479702949524,0.43863517851106476,0.5253249934308596,-0.012951602227985859
8.8414,0.0815047025680542,25.21747400000004,6.9518399014778325,-0.29651740193367004,0.44004709432172273,0.5223524227363241,0.007022472098469734
8.8867,0.0656934306025505,25.309760540000013,7.037275626423691,-0.282542884349823,0.46290668363713694,0.5492197014783198,0.017277125269174576
8.86815,0.0642458125948906,25.931840179999995,7.125585152838428,-0.28658536076545715,0.4649528634553393,0.5241158483543317,0.02092050202190876
8.94055,0.07956600189208984,26.91964796000002,7.413481543624162,-0.2497532069683075,0.4997853910648862,0.5604287737656298,0.044025156646966934
9.40405,0.11561181396245956,27.27854006000001,7.39463696369637,-0.23106424510478973,0.4884595674730233,0.563038881824828,0.02551640383899212
9.72565,0.10220768302679062,27.124729160000015,7.3639222972972975,-0.22159624099731445,0.5370905936821275,0.6024510483059268,0.034924332052469254
9.30095,0.1000918298959732,26.47872338000002,7.373405156537753,-0.23655913770198822,0.5364057772350346,0.6028715882970255,0.027397260069847107
8.9834,0.12222222238779068,27.073458860000017,7.144856502242153,-0.27218344807624817,0.5335439497427029,0.6004976531240891,-0.006896551698446274
8.515,0.11035267263650894,25.78828334000002,7.233095637583893,-0.14888805150985718,0.45190628709453073,0.5380353013042223,0.020390454679727554
8.20975,0.10501193255186081,25.791701360000047,7.174595486111111,-0.1516045778989792,0.45492419402001455,0.5171239972167325,-0.0030527692288160324
8.11385,0.10669974982738495,25.778029280000055,7.1561128747795415,-0.1768246740102768,0.44606005655096287,0.5164628977738295,0.019273867830634117
8.2263,0.09950248897075653,25.309760540000013,7.107205263157895,-0.15668031573295593,0.43567830283304076,0.5132224013268716,0.007011393550783396
8.1026,0.1018867939710617,25.00213874000002,7.125874564459931,-0.16571861505508423,0.42721502063268335,0.482084748937863,0.002719854936003685
8.3078,0.09067357331514359,25.015810820000013,7.097746812386157,-0.20128823816776276,0.42651219654800615,0.5191681911638524,0.018793273717164993
8.3214,0.09874825924634933,25.015810820000013,7.041025096525097,-0.2141176462173462,0.4265991511242646,0.5189380634195422,-0.017258882522583008
8.624500000000001,0.1256544440984726,24.97479457999998,7.330756168359942,-0.20169687271118164,0.42508254672717494,0.5164551061783004,0.016159696504473686
8.302200000000001,0.11203319579362869,25.06708112000001,7.1023935969868175,-0.2183811068534851,0.38214731181778955,0.46457312344225676,0.01487778965383768
8.2314,0.10764872282743454,25.333686680000028,7.100060377358491,-0.21068249642848969,0.42626894356099726,0.5206351564722183,0.007462686393409967
8.2299,0.10668563097715378,25.1832938,7.0876591760299625,-0.21232876181602478,0.41745067411908104,0.5179861936398351,0.0054054055362939835
8.18235,0.11142454296350479,25.159367660000044,7.1278743169398915,-0.2148900181055069,0.42608653612658104,0.5169297770365427,-0.009244154207408428
8.1647,0.11608391255140305,25.046573000000024,7.174631768953069,-0.21668794751167297,0.4244285735783639,0.5133610701850223,-0.010989011265337467
8.2643,0.1111111119389534,25.026064880000035,7.178508137432189,-0.22563417255878448,0.42366666153549104,0.5107282056559523,0.0011481055989861488
8.681049999999999,0.12077295035123825,25.094425279999996,6.982147186147187,-0.22768670320510864,0.4232368049389656,0.5106747817206894,-0.004144464153796434
8.66965,0.12418300658464432,25.091007260000026,7.069405117270789,-0.2381391078233719,0.423320357512944,0.508387909763233,0.0018105008639395237
8.60225,0.10999999940395355,25.108097359999988,7.031636170212766,-0.2435530126094818,0.4109145122351841,0.4896301453469945,-0.0018975331913679838
8.361650000000001,0.11794871836900711,25.11835142000001,7.0550185567010315,-0.25773194432258606,0.40895124209689204,0.47750037557282393,0.008760951459407806
8.26825,0.11148648709058762,25.06708112000001,7.08209126984127,-0.24055299162864685,0.4458708962276233,0.519749197451084,-0.009803921915590763
8.4045,0.12162162363529205,25.056827060000046,7.066947791164659,-0.25198692083358765,0.4446622608570882,0.5206316778075091,-0.005025125574320555
9.0424,0.11486486345529556,25.087589240000057,6.857539568345324,-0.2565445005893707,0.4385623935017473,0.520544670582253,-0.017589576542377472
9.0319,0.12562814354896545,24.98846666000003,6.922154411764707,-0.2541726231575012,0.43695705431046267,0.5184823112977288,-0.014925372786819935
8.96925,0.10000000149011612,25.06708112000001,7.008353080568721,-0.2529889941215515,0.43627732162841115,0.5164605112552881,-0.01692708395421505
8.946,0.07020280510187149,25.21747400000004,7.051706697459585,-0.26057693362236023,0.4564221912423366,0.5458195798561613,-0.01117685716599226
9.2091,0.08708708733320236,25.333686680000028,7.051706697459585,-0.28860384225845337,0.47423184719384,0.5491202724109395,-0.0041782730259001255
10.00385,0.11292200535535812,26.352256640000007,7.1287960396039605,-0.2741617262363434,0.4735156750686569,0.5452370714410772,0.02581072226166725
9.2786,0.14534161984920502,26.533411699999988,7.286747081712063,-0.24352827668190002,0.5438719374483222,0.6087005333920593,0.016209475696086884
8.4026,0.1026252955198288,24.98504864000006,7.1270690909090915,-0.16416791081428528,0.43715253593438136,0.5168993052325653,0.0008960573468357325
8.62015,0.09433962404727936,25.012392800000043,7.052899065420561,-0.15983451902866364,0.4371259202187494,0.5150661215052738,-0.0008960573468357325
8.2925,0.1033591702580452,25.00555675999999,7.07364480874317,-0.17030233144760132,0.4281985690591879,0.48202704333570945,-0.0074349441565573215
8.3006,0.10728476941585541,25.012392800000043,7.128141577060932,-0.20093823969364166,0.42508254672717494,0.514830374263187,0.008248423226177692
8.39075,0.10520230978727341,25.03290092000003,7.179165202108964,-0.21515892446041107,0.4262260823812445,0.5140401389611776,0.013319672085344791
8.21725,0.11507293581962585,25.029482900000005,7.4375912596401035,-0.16826370358467102,0.42478512828428566,0.5143648884118056,0.020316027104854584
8.20815,0.11142857372760773,25.019228839999982,7.102364485981309,-0.21739129722118378,0.3820598586539889,0.4633722882281896,0.009859886020421982
8.28955,0.1246376782655716,25.026064880000035,7.124535185185186,-0.20701168477535248,0.39575548815568434,0.49202107126504996,0.006795608904212713
8.23925,0.1111111119389534,25.019228839999982,7.106907578558226,-0.20699957013130188,0.41774820718686123,0.5181939846662044,0.005353318993002176
8.29985,0.10335195809602737,25.015810820000013,7.096146110056926,-0.2234589010477066,0.417635327639193,0.5178566159300845,-0.0016565433470532298
8.595650000000001,0.10860366374254227,25.063663099999985,7.052740442655936,-0.24635116755962372,0.4168679892099872,0.5156224209928227,-0.004716981202363968
8.870049999999999,0.09554140269756317,24.961122499999988,6.9080112359550565,-0.23120036721229553,0.42525053934964135,0.51312376922808,-0.002436053706333041
8.603950000000001,0.11147011071443558,24.98504864000006,7.020171806167402,-0.23917995393276215,0.4225899007511899,0.4956715650473288,0.0
8.7713,0.12337662279605865,25.087589240000057,7.015066518847007,-0.24885216355323792,0.4035959308782048,0.49449109922426154,-0.0024509804788976908
8.6354,0.12251655757427216,25.049991019999993,7.044255913978495,-0.2561205327510834,0.4018006021398472,0.476426240042344,0.014962593093514442
8.119250000000001,0.12794612348079681,25.091007260000026,7.130554263565892,-0.25579196214675903,0.4011512715050946,0.47750037557282393,0.016249999403953552
8.39785,0.1151919886469841,25.077335179999977,7.063151093439364,-0.2306281477212906,0.43887859996718287,0.5194904870491672,-0.02755664475262165
8.45275,0.125,25.060245080000016,7.063766,-0.25724977254867554,0.43771291975478666,0.5208375966507277,-0.009535918943583965
8.45925,0.10929853469133377,25.070499140000038,7.07059509202454,-0.26021111011505127,0.4387091598196347,0.5206821228398147,-0.016393441706895828
8.957,0.11181102693080902,25.159367660000044,6.973167064439141,-0.263610303401947,0.43760864291945994,0.5193565515053177,-0.005870841443538666
8.6735,0.11180124431848526,25.237982120000026,7.060230248306998,-0.2540747821331024,0.4353981497831022,0.5117666656362881,-0.008425145410001278
8.88735,0.1027190312743187,25.914750080000033,7.1580795698924735,-0.2706913352012634,0.4750249952880383,0.5488651118336906,0.009914077818393707
9.441849999999999,0.1410658359527588,26.321494460000054,7.308141608391609,-0.257831335067749,0.47126127004477897,0.5481518289036389,0.032055310904979706
10.54835,0.12630999088287354,26.943574099999978,7.583629921259843,-0.17963339388370514,0.5575786684346606,0.6237086684887756,0.0714615061879158
8.8968,0.12929293513298035,25.019228839999982,7.203603678929767,-0.17448405921459198,0.4100075641803339,0.4810101086451277,-0.0027347311843186617
8.91325,0.11654135584831238,25.008974780000017,7.174365289256198,-0.1958068162202835,0.4103435389862293,0.48228375705981935,0.009225091896951199
7.99015,0.10924369841814041,25.049991019999993,7.145736379613357,-0.21521906554698944,0.4098861579362426,0.5121278526135115,0.0019550342112779617
8.3996,0.09251101315021515,25.008974780000017,6.981786290322582,-0.21933679282665253,0.41054897903027293,0.5154374535582668,0.013629480265080929
8.37215,0.08529412001371384,24.957704480000018,6.981659318637275,-0.22054140269756317,0.38087396186754874,0.45993961424265145,0.008607595227658749
8.4926,0.11566618084907532,24.99872072000005,7.01515264187867,-0.19388176500797272,0.4037528196306893,0.4910415750552344,-0.006191950291395187
8.37515,0.10704225301742554,25.12176943999998,7.048499040307102,-0.2045169323682785,0.424535230143406,0.5133254623243878,0.002098635770380497
8.355550000000001,0.10960757732391357,25.063663099999985,7.0930694183864915,-0.22746780514717102,0.40684636790541184,0.5140925478091712,0.01315789483487606
8.9244,0.0793650820851326,25.10467934000002,6.909549668874172,-0.23826715350151062,0.4089621786275212,0.5155294597187654,0.016317015513777733
8.7542,0.1161387637257576,25.073917160000008,6.980482029598309,-0.2400362342596054,0.416343649690573,0.512560271290078,0.0
8.68665,0.1051282063126564,25.063663099999985,7.09443811394892,-0.24032403528690338,0.40442937626979636,0.49594908105937824,-0.0017804154194891453
8.76695,0.12404287606477737,25.234564100000057,7.015105042016807,-0.24563884735107422,0.4342205294375942,0.5175687414416227,0.017199017107486725
8.68815,0.12654320895671844,25.14911360000002,7.045712765957447,-0.24523034691810608,0.43595818247505946,0.5181374731321935,0.0018461538711562753
8.48365,0.1207430362701416,25.12176943999998,7.085918864097364,-0.249883234500885,0.43650077826702083,0.5215513617632062,0.01230012346059084
8.3219,0.11415524780750275,25.16962172000001,7.126693181818182,-0.2439926117658615,0.4385871799140838,0.5230792150478278,0.002439024392515421
8.3593,0.09544786810874939,25.13885954,7.130669829222012,-0.25,0.4371606719039047,0.5226454041684806,-0.0043236566707491875
8.597750000000001,0.10274963825941086,25.159367660000044,7.078491935483871,-0.24288424849510193,0.43673632492443676,0.5227194648403575,0.009925558231770992
8.423300000000001,0.14498141407966614,25.607128279999984,7.3304634146341465,-0.23468425869941711,0.469009426051084,0.5443125526722399,0.030447760596871376
7.636,0.11774460971355438,26.007036620000008,7.738277507302824,-0.1535974144935608,0.4707986847103156,0.526592303721608,0.09035620838403702
9.6928,0.13382507860660553,25.419137180000007,7.123377235772358,-0.20878303050994873,0.4363972439268247,0.5148018781170101,0.022079117596149445
8.7445,0.09159347414970398,25.046573000000024,7.103753176043558,-0.23752345144748688,0.4113470055383594,0.48170495504028427,0.01550387591123581
8.33445,0.10079575330018997,25.056827060000046,7.0628801498127345,-0.24592648446559906,0.4124006406700311,0.4847060859828511,0.004999999888241291
8.34445,0.09871244430541992,25.111515380000014,7.033965317919076,-0.23058824241161346,0.4188601752271643,0.48202704333570945,0.005575266201049089
8.42865,0.10355029255151749,25.073917160000008,6.939722792607803,-0.22578062117099762,0.41143473734533287,0.4838800584424545,0.015776081010699272
8.5949,0.09792284667491913,25.012392800000043,6.860693133047211,-0.2184738963842392,0.4204961297756449,0.5068070437551893,0.005620848387479782
8.5215,0.09724237769842148,25.056827060000046,6.941538775510205,-0.20552396774291992,0.4200448503010336,0.49181690565223124,-0.00359158543869853
8.38775,0.09292648732662201,25.173039740000036,7.0353702290076345,-0.20805920660495758,0.4204790009260064,0.4929681305612671,-0.0020811655558645725
8.8347,0.08025477826595306,25.14569558000005,6.941016293279023,-0.21997417509555817,0.4115992951453254,0.4926010268973928,0.00712328776717186
8.4915,0.0882352963089943,25.08417122000003,7.0609090909090915,-0.2288512885570526,0.4144323304148383,0.4826733750049421,0.009153317660093307
8.5439,0.13081395626068115,25.210637959999985,7.108463855421688,-0.23146474361419678,0.4469711034706991,0.5234501941088374,0.0017615972319617867
8.555200000000001,0.09604519605636597,25.23114608000003,7.147668615984406,-0.21565058827400208,0.4376527826115214,0.5202724191855049,0.019897669553756714
8.56445,0.11527377367019653,25.337104700000054,7.175074074074074,-0.23008057475090027,0.4359731224239666,0.5233308484193461,0.020501138642430305
8.40955,0.11560693383216858,25.26190826000004,7.175074074074074,-0.23353293538093567,0.43570699868150115,0.506707800964279,0.023474179208278656
8.567400000000001,0.12020460516214371,25.37812094000003,7.23173888888889,-0.20488466322422028,0.47112843910567775,0.5344460887979937,0.005656108725816011
8.78595,0.11804613471031189,25.405465100000015,7.200129455909944,-0.23557236790657043,0.499526204362118,0.5633283568727951,0.013431013561785221
8.91745,0.11507582664489746,25.49433362000002,7.375012269938651,-0.19459962844848633,0.49926850290533686,0.5635127269725531,0.029180696234107018
8.8499,0.11131059378385544,26.10274118000001,7.424251453488372,-0.18062472343444824,0.500781105122651,0.5645030590856637,0.027926960960030556
12.161200000000001,0.16489361226558685,25.384956980000027,7.598589174800355,-0.1386071741580963,0.46958261676169977,0.5293901555494619,0.05384329706430435
8.490400000000001,0.11578947305679321,25.234564100000057,7.121107583774251,-0.21925926208496094,0.4314461786841108,0.5103916834928106,0.02135561779141426
8.525549999999999,0.09283819794654846,25.039736960000027,6.9716494023904385,-0.2110302597284317,0.43472794544350407,0.5103511489562744,0.006750240921974182
8.80145,0.10533515363931656,25.063663099999985,6.890433121019109,-0.2212732881307602,0.4377207536271817,0.5138388842946013,0.00446650106459856
8.471950000000001,0.08751793205738068,25.056827060000046,6.901109053497943,-0.23264025151729584,0.43566939750424694,0.5101443238798054,0.006097560748457909
8.8547,0.09715993702411652,25.039736960000027,6.743935632183908,-0.2263178825378418,0.408120144842199,0.4792532270691015,0.008130080997943878
8.9665,0.08256880939006805,25.087589240000057,6.796032407407408,-0.223941370844841,0.42246860629058397,0.5063695124943934,0.0015715033514425159
8.80995,0.093990758061409,25.487497580000024,6.815878440366973,-0.20790448784828186,0.4211587078343087,0.4771359874518051,-0.01637612283229828
8.48805,0.15042373538017273,26.37960080000005,7.294572769953052,-0.2068403959274292,0.41905910837718985,0.4768259380389371,0.02208835259079933
8.1868,0.11897106468677521,26.59493606000001,7.331609831029186,-0.19546979665756226,0.40165058006864734,0.47748235946243617,0.0199284628033638
8.57965,0.11275026202201843,25.33026866,7.322670906200319,-0.19791214168071747,0.43293177789330833,0.5157506974685161,0.03252885490655899
8.361450000000001,0.11640696972608566,25.371284899999978,7.4102517882689565,-0.20777538418769836,0.43508781411689695,0.5239658690835052,0.029115933924913406
9.19415,0.13867488503456116,26.714566760000025,7.423815344603382,-0.16935484111309052,0.436119258604458,0.5203863423844155,0.050253573805093765
8.9169,0.12876254320144653,26.318076440000027,7.418801813471503,-0.1616915464401245,0.4620510605996465,0.5533331577641812,0.05248359963297844
8.501000000000001,0.13673469424247742,25.64130848000002,7.3806074766355145,-0.21425428986549377,0.46689162890280705,0.5336133667306704,0.018141835927963257
8.3778,0.18293564021587372,26.208699799999977,7.591866043613708,-0.17022791504859924,0.49709274249939783,0.5615370309498751,0.06800000369548798
8.258750000000001,0.12873326241970062,25.743849080000018,7.307356622998545,-0.15538407862186432,0.49925572233679744,0.5632729983471589,0.033707864582538605
8.54405,0.11700844019651413,25.26874429999998,7.065299270072993,-0.20955882966518402,0.47362833746463767,0.5595479393654854,0.021392809227108955
8.8316,0.07734806835651398,25.23114608000003,6.8448866666666675,-0.2210526317358017,0.4340400647981335,0.5115371787362677,0.003846153849735856
8.6563,0.10112359374761581,25.227728060000004,6.912598739495799,-0.2308279275894165,0.4359876587581691,0.5138269546292449,0.013215859420597553
8.7293,0.08802308887243271,25.210637959999985,6.906614379084967,-0.23510971665382385,0.43623812137647755,0.5101069898233211,0.011144883930683136
8.7051,0.08320251107215881,25.12176943999998,6.876982142857143,-0.2270081490278244,0.4366269601901093,0.5127098270680152,-0.0005022601690143347
8.75395,0.11010558158159256,25.57294808000006,6.8791652173913045,-0.21712301671504974,0.43506700309003854,0.5147424358807924,-0.0019743337761610746
8.7008,0.12680114805698395,25.64130848000002,6.91462630480167,-0.22102747857570648,0.4314452184638253,0.5155318232426204,-0.0066906847059726715
8.156600000000001,0.10817307978868484,25.33026866,7.143978003384095,-0.18024031817913055,0.4760150954270661,0.5355954352255163,0.005668016150593758
8.3888,0.10869564861059189,25.289252420000025,6.987173076923078,-0.23135623335838318,0.43320643875788856,0.5127965815450234,-0.0009033423848450184
8.40465,0.10298103094100952,25.220892020000008,7.007145348837209,-0.24009989202022552,0.4353042991298701,0.5145298177552683,0.0018744142726063728
8.28655,0.1011560708284378,25.508005700000012,7.0012058823529415,-0.22515060007572174,0.4381728821650246,0.5143891061950974,0.0043541365303099155
8.312,0.09333333373069763,25.13202350000006,7.035451485148515,-0.23226287961006165,0.4379044243611089,0.5132914436416194,0.0029097963124513626
8.5009,0.09278350323438644,25.57636610000003,6.9701724137931045,-0.22360014915466309,0.4385308970712106,0.5158969839646732,0.001932367100380361
8.18445,0.10958904027938843,25.66181660000001,7.070632058287797,-0.23216885328292847,0.43237214088211073,0.5168047547852612,0.007525870110839605
8.52595,0.1477663218975067,25.80537344000004,7.1078673139158575,-0.19987042248249054,0.5017283366641216,0.5610865540165284,0.030992545187473297
8.363150000000001,0.13341204822063446,25.55927600000001,7.099181219110379,-0.1962616890668869,0.4694321494244982,0.5256084826064954,0.02157708816230297
8.23395,0.1335740089416504,25.54902193999999,7.192173139158577,-0.1701081544160843,0.4682552301751448,0.5390309552550574,0.001183431944809854
7.8041,0.11918604373931885,25.44648133999999,7.136220309810672,-0.2236226201057434,0.46602209365685826,0.5475331649255547,0.021778583526611328
8.17495,0.10791366547346115,25.337104700000054,7.018245841035121,-0.20391061902046204,0.4671995853198001,0.5263627051398182,0.020197680220007896
7.8431,0.11261872202157974,25.337104700000054,7.156006622516557,-0.21720881760120392,0.46517295599226693,0.5280127255284279,0.023560209199786186
8.544550000000001,0.14386792480945587,25.66523461999998,7.24334880239521,-0.21751412749290466,0.4664351931971692,0.5289278352069067,0.01642254739999771
8.818150000000001,0.1329365074634552,26.191609700000015,7.101840064620356,-0.18577326834201813,0.5036288629479931,0.5604556068755828,0.019127773120999336
8.4846,0.1425233632326126,26.16768356,7.085848631239936,-0.18961696326732635,0.46928052976556445,0.5257126548256076,0.015005771070718765
8.01365,0.1270718276500702,25.648144520000017,7.107626485568761,-0.19213521480560303,0.4669911071469666,0.5221941648807914,0.012231126427650452
8.64735,0.11489361524581909,25.41230114000001,6.861245901639345,-0.20347826182842255,0.46743807413313326,0.5246647609296897,0.005644811317324638
7.9487,0.1285347044467926,25.460153419999983,7.164847649918963,-0.1903485208749771,0.4698069790901248,0.5306182367592046,-0.002073828363791108
8.0444,0.10532276332378387,25.624218380000002,7.258684684684685,-0.20494335889816284,0.46922923412822093,0.5299237980871567,0.012787723913788795
8.1665,0.10378510504961014,25.778029280000055,7.118320661157025,-0.18812541663646698,0.48115593561162723,0.5408041829242184,0.0008210180676542222
7.8972500000000005,0.11621621251106262,25.487497580000024,7.131053601340034,-0.18126684427261353,0.4975548896477513,0.5611840717885661,-0.010395010001957417
8.62575,0.09589041024446487,25.388374999999996,7.187610852713179,-0.1919657588005066,0.4994939710117871,0.563639070264836,0.007682976312935352
8.5624,0.1184210553765297,25.849807700000042,7.306132290184922,-0.16179849207401276,0.5006670932159928,0.5645523311648714,0.008155339397490025
7.98985,0.1201867014169693,26.171101580000027,7.249248901903368,-0.19547119736671448,0.5018107082081086,0.5617335879556378,-0.0054099042899906635
8.2409,0.14107365906238556,25.81220947999998,7.091006589785833,-0.19226989150047302,0.48797246423050944,0.561424113519098,-0.0012180268531665206
8.167200000000001,0.0979929193854332,25.822463540000058,7.100504038772214,-0.19428572058677673,0.5048832963429948,0.590950898143037,-0.0007886435487307608
,,,,,0.5284012212789188,0.5452329876464639,
,,,,,0.545104007298666,0.5604592552276442,
,,,,,0.5567910620434903,0.5642777674736233,
,,,,,0.5368297070171102,0.5646777442531866,
,,,,,0.5505319077230711,0.5837603540778836,
,,,,,0.5484533701889905,0.5753559451861795,
,,,,,0.5485873353502483,0.5708860952644661,
,,,,,0.5426823353675382,0.5579911988364252,
,,,,,0.4978276808477106,0.5424304374104454,
,,,,,0.5150692520035737,0.5401265379813089,
,,,,,0.5150692520035737,0.5401265379813089,
,,,,,0.507265172427762,0.5459857443008032,
,,,,,0.5041531161551991,0.5434696809630114,
,,,,,0.5041531161551991,0.5434696809630114,
,,,,,0.5013862714228045,0.549402499572746,
,,,,,0.5468952640236809,0.5772059643025338,
,,,,,0.5438054602721346,0.569876364755835,
,,,,,0.5481503111469753,0.5760652410529241,
,,,,,0.5208460779124416,0.5465922221086097,
,,,,,0.5337001180331524,0.543274709265249,
,,,,,0.5419206759494785,0.5572080532941986,
,,,,,0.5447247543916582,0.5558382078087215,
,,,,,0.5405157858643379,0.5465139096626206,
,,,,,0.5204308333915361,0.539676363061553,
,,,,,0.5383274628446443,0.5566345376193359,
,,,,,0.5128047296929638,0.553279603002055,
,,,,,0.5170202718975266,0.5509902219287186,
,,,,,0.5283310018475197,0.5472019963201785,
,,,,,0.5336166099564769,0.558318579349979,
,,,,,0.546026298560116,0.567623889005812,
,,,,,0.5529238189563684,0.5671825018448433,
,,,,,0.533288168990169,0.5532507760607291,
,,,,,0.534510510310808,0.5484235475036714,
,,,,,0.5402487822941412,0.5543202041072383,
,,,,,0.5534861184606132,0.5579911988364252,
,,,,,0.559687713043397,0.5611314589028044,
,,,,,0.5602553476408041,0.5611314589028044,
,,,,,0.5568108092084089,0.5606449067639372,
,,,,,0.515745289292056,0.5456039967598968,
,,,,,0.5080491989693814,0.5473516072556044,
,,,,,0.5048496239876299,0.5382640326779251,
,,,,,0.5133040435280924,0.5443144242497069,
,,,,,0.5211791857780533,0.5478172250343194,
,,,,,0.5238579584417543,0.5463627154629114,
,,,,,0.5306898380335026,0.549070811361629,
,,,,,0.5229769255560556,0.5519881725306937,
,,,,,0.518389408665213,0.5420342874522713,
,,,,,0.524822408226432,0.541431877598519,
,,,,,0.5498022989557954,0.558179634879862,
,,,,,0.5573749538985896,0.5634158041614525,
,,,,,0.5579402428984868,0.5624891334309239,
,,,,,0.5504366764641673,0.5666714999302989,
,,,,,0.5151911907469459,0.5413079927432186,
,,,,,0.5228155846903466,0.5490409640681216,
,,,,,0.5136964265948335,0.5455951640714709,
,,,,,0.5241740115086874,0.5565107706969632,
,,,,,0.5261270894405032,0.5536866953025442,
,,,,,0.5321468501892503,0.5540851566708677,
,,,,,0.5369626587882481,0.5590995019801063,
,,,,,0.5611223010903331,0.567141215630807,
,,,,,0.544840370385374,0.5432703888174438,
,,,,,0.5516508750151912,0.5542455481874932,
,,,,,0.5671066107375996,0.5697739794944704,
,,,,,0.5761083029715298,0.5697739794944704,
,,,,,0.5664461092110009,0.5611627401849194,
,,,,,0.5491494527199625,0.5609683325183066,
,,,,,0.5350062365449053,0.550497306147878,
,,,,,0.5491494527199625,0.5609683325183066,
,,,,,0.521928306318252,0.5562207305213202,
,,,,,0.5222310703720594,0.552134152598083,
,,,,,0.5222525525222186,0.5503716218314059,
,,,,,0.5665761772039312,0.5704525794825851,
,,,,,0.5758145200531353,0.5767791130220348,
,,,,,0.5691098304360782,0.5730818110154832,
,,,,,0.5822521979170833,0.5835385774826104,
,,,,,0.5452724294123347,0.5572405251825349,
,,,,,0.5448119903264936,0.5549788023695439,
,,,,,0.5516508750151912,0.5542455481874932,
,,,,,0.5632022684809744,0.5718250526579931,
,,,,,0.5632022684809744,0.5718250526579931,
,,,,,0.5479384767222725,0.5647762775225051,
,,,,,0.543498399029745,0.5695222966613498,
,,,,,0.5411076436087932,0.5604592552276442,
,,,,,0.5411076436087932,0.5604592552276442,
,,,,,0.5258144212702698,0.5549194691927596,
,,,,,0.5202523831676295,0.5497040222027275,
,,,,,0.5426991366782307,0.5641343978848746,
,,,,,0.5537765922492188,0.5631893273729541,
,,,,,0.5646777062698727,0.5724867104848338,
,,,,,0.5560814860923584,0.5667586086872055,
,,,,,0.5641676951898366,0.5756963844332899,
,,,,,0.5750062561954712,0.5833452503631158,
,,,,,0.5428211424577454,0.562222623625999,
,,,,,0.5484999180392213,0.56617832731904,
,,,,,0.5411353625122245,0.562222623625999,
,,,,,0.5159837925788642,0.5489054541633743,
,,,,,0.5605395969293079,0.5704525794825851,
,,,,,0.5605395969293079,0.5704525794825851,
,,,,,0.5464013578376191,0.5704525794825851,
,,,,,0.5464013578376191,0.5704525794825851,
,,,,,0.5411076436087932,0.5622908214211986,
,,,,,0.5426991366782307,0.5622908214211986,
,,,,,0.5160771807101174,0.5399642503466304,
,,,,,0.5271279653240298,0.5488515742909337,
,,,,,0.53262843104915,0.5679420638314878,
,,,,,0.5513751874214805,0.5722015010139234,
,,,,,0.5805956071900465,0.5766337920059043,
,,,,,0.5820590153696656,0.5791178306834998,
,,,,,0.5968257383267301,0.5880201602468466,
,,,,,0.5742368455047547,0.5833452503631158,
,,,,,0.5742368455047547,0.5833452503631158,
,,,,,0.5737917524182882,0.5880788039249404,
,,,,,0.5345857243189679,0.5647805999443074,
,,,,,0.5372411072222707,0.545126600722045,
,,,,,0.5375149304165735,0.545126600722045,
,,,,,0.5215649324813637,0.545126600722045,
,,,,,0.539627787285913,0.5559922519360208,
,,,,,0.5489174446505696,0.5630462769977006,
,,,,,0.5550077768915515,0.567623889005812,
,,,,,0.513451333067125,0.5378171551082466,
,,,,,0.5156686617300292,0.5411668433318122,
,,,,,0.5235331517184483,0.5619095545527333,
,,,,,0.5531814164837232,0.5680729585382532,
,,,,,0.5943791002155084,0.584452481868965,
,,,,,0.5885972023534898,0.5796961466772839,
,,,,,0.5885972023534898,0.5796961466772839,
,,,,,0.5735886360641503,0.5798546218166848,
,,,,,0.5735886360641503,0.5798546218166848,
,,,,,0.5613240886134944,0.5727621244227974,
,,,,,0.5399919577456822,0.5666872159216441,
,,,,,0.5472703122091312,0.5597675029988111,
,,,,,0.554452630328019,0.5645807586753632,
,,,,,0.5174104758763173,0.5450965214525686,
,,,,,0.531309851854766,0.5491841298996909,
,,,,,0.5472850682033129,0.5628135170650848,
,,,,,0.5221733473426238,0.5405655468392213,
,,,,,0.5444956437986069,0.5571476091751678,
,,,,,0.5447847857730108,0.5685636636564838,
,,,,,0.5645370467341222,0.5753559451861795,
,,,,,0.580562662939113,0.5881318949624174,
,,,,,0.5747454017874184,0.5822387898024732,
,,,,,0.5840530196301296,0.5916677580583837,
,,,,,0.5735886360641503,0.5798546218166848,
,,,,,0.5735886360641503,0.5798546218166848,
,,,,,0.5868002464283576,0.58888403725914,
,,,,,0.5929217914561341,0.5946217233492488,
,,,,,0.5529732909058787,0.5760161776873495,
,,,,,0.5627894155309071,0.5796159429988925,
,,,,,0.5177658845958526,0.5473028171671562,
,,,,,0.5248785464703927,0.5506247360798566,
,,,,,0.5407638158899727,0.5706539097656295,
,,,,,0.536624571475028,0.5618178684804818,
,,,,,0.536624571475028,0.5645352463207743,
,,,,,0.5162814776563853,0.5582143532113608,
,,,,,0.5584570705626737,0.5772446328872664,
,,,,,0.5770334066294528,0.5881318949624174,
,,,,,0.5712515087674341,0.5822387898024732,
,,,,,0.5805025453466638,0.5916677580583837,
,,,,,0.563793256158715,0.5764454821361273,
,,,,,0.5556459547691381,0.574597900462614,
,,,,,0.5613240886134944,0.5727621244227974,
,,,,,0.5431777510067186,0.5657536290749856,
,,,,,0.5754289299727426,0.5685636636564838,
,,,,,0.5549222507290964,0.5782289616651733,
,,,,,0.522039886187794,0.5633720246686897,
,,,,,0.522039886187794,0.5633720246686897,
,,,,,0.4948928511490362,0.5113728729782091,
,,,,,0.49471610370219715,0.5171807504320532,
,,,,,0.5418907814671997,0.5705403893989054,
,,,,,0.5363986451685456,0.5608152691250604,
,,,,,0.5346849114779113,0.5569140043075892,
,,,,,0.5316206194483003,0.5534595220897705,
,,,,,0.5229623031706407,0.5555131752329607,
,,,,,0.5186279122901438,0.5455951640714709,
,,,,,0.5371043002176304,0.567623889005812,
,,,,,0.5492730695194361,0.5671328648803744,
,,,,,0.5492730695194361,0.5671328648803744,
,,,,,0.5837512492078855,0.6037767103593016,
,,,,,0.5910974167131922,0.6092298285140914,
,,,,,0.5910974167131922,0.5998087486917085,
,,,,,0.5542061286822714,0.582913421369605,
,,,,,0.5444547011981259,0.562095084892119,
,,,,,0.5778829916214228,0.5849130660048022,
,,,,,0.5438547914225513,0.5760801108159544,
,,,,,0.5438547914225513,0.5757227410201629,
,,,,,0.5697602416708623,0.5866784011809187,
,,,,,0.5811387412279215,0.5854861792192816,
,,,,,0.57371204804929,0.586511549060296,
,,,,,0.5731017160832801,0.5784077625447824,
,,,,,0.5269621711443719,0.5578549996116902,
,,,,,0.519017544418276,0.5524383790600845,
,,,,,0.519017544418276,0.5524383790600845,
,,,,,0.5067185504747149,0.5413450052555429,
,,,,,0.5218319087981538,0.5466207280274186,
,,,,,0.5231172090661296,0.5483138991108357,
,,,,,0.5217950931207224,0.5483138991108357,
,,,,,0.505628833161866,0.5413450052555429,
,,,,,0.4928445906028926,0.5185369174722906,
,,,,,0.4814720280670285,0.5113728729782091,
,,,,,0.48130007377129014,0.5171807504320532,
,,,,,0.5418907814671997,0.5768385625286335,
,,,,,0.5418907814671997,0.5672614216437393,
,,,,,0.5468146604475537,0.567623889005812,
,,,,,0.5554941192120654,0.5756563025294791,
,,,,,0.5312169849538622,0.5542365331330334,
,,,,,0.5164125771764594,0.5480323928367681,
,,,,,0.5502812590496362,0.5788943994373353,
,,,,,0.5335855351480705,0.5590995019801063,
,,,,,0.5335855351480705,0.5590995019801063,
,,,,,0.5671066107375996,0.5886012935995051,
,,,,,0.5910974167131922,0.6092298285140914,
,,,,,0.586161321375295,0.5916757487094481,
,,,,,0.5567544575426656,0.5762679076201136,
,,,,,0.5567544575426656,0.5841755289939745,
,,,,,0.5597540913270093,0.5701997399872739,
,,,,,0.5428211424577454,0.556446363794225,
,,,,,0.5316529211021737,0.5686673152723667,
,,,,,0.5438547914225513,0.5686673152723667,
,,,,,0.5390343464709793,0.5766497105624415,
,,,,,0.5343521476544871,0.5598835632466418,
,,,,,0.5275233662148132,0.5508693377203094,
,,,,,0.5269621711443719,0.5508693377203094,
,,,,,0.5234253480072643,0.5621523900757186,
,,,,,0.5023402678410847,0.5360892285054891,
,,,,,0.5023402678410847,0.5360892285054891,
,,,,,0.4974153632544074,0.5308334517554353,
,,,,,0.5002655718341972,0.530183752415484,
,,,,,0.5161423129452479,0.5479670845003924,
,,,,,0.505628833161866,0.5413450052555429,
,,,,,0.5258433554943839,0.555841082645583,
,,,,,0.49918770152923075,0.5413450052555429,
,,,,,0.488447270869958,0.5348350090537717,
,,,,,0.5277194132514621,0.5608416182732058,
,,,,,0.5505170869642351,0.5820986533844019,
,,,,,0.5451021647973737,0.5720748143347321,
,,,,,0.5463495381721961,0.5733839100197086,
,,,,,0.5517768514652974,0.5733839100197086,
,,,,,0.5452687521210471,0.5717823057750853,
,,,,,0.5513390316714856,0.5793328793270527,
,,,,,0.5502812590496362,0.5788943994373353,
,,,,,0.5335855351480705,0.5590995019801063,
,,,,,0.5563059141730442,0.5742683158001944,
,,,,,0.5438547914225513,0.5771548871421035,
,,,,,0.5317974974593699,0.5656038751659337,
,,,,,0.5175587027124162,0.5546511415425261,
,,,,,0.5109233347289237,0.548511092005155,
,,,,,0.5175587027124162,0.548511092005155,
,,,,,0.5080994901455709,0.5518565587556505,
,,,,,0.4965075097172222,0.5375226221645946,
,,,,,0.49976864278597244,0.539566434416171,
,,,,,0.49976864278597244,0.539566434416171,
,,,,,0.5030935838387179,0.5412353021355228,
,,,,,0.5227936981143262,0.5576849493150486,
,,,,,0.5139839164334277,0.5493134409733664,
,,,,,0.5292141462347325,0.555841082645583,
,,,,,0.5172115483577182,0.5632908822195081,
,,,,,0.5138530318099408,0.5632908822195081,
,,,,,0.5533801881030131,0.5737714401502793,
,,,,,0.5639015751745511,0.5761785043543038,
,,,,,0.5629905871694225,0.5761785043543038,
,,,,,0.5691659937858249,0.575426279232696,
,,,,,0.5682654146817334,0.567623889005812,
,,,,,0.581932709490727,0.5787029267065067,
,,,,,0.5736363164837309,0.5704525794825851,
,,,,,0.568895520479733,0.5704762703575998,
,,,,,0.5407848974780547,0.5723540880808604,
,,,,,0.5016644528583704,0.5512704126496966,
,,,,,0.5016644528583704,0.5512704126496966,
,,,,,0.5080755001792441,0.5533273918013746,
,,,,,0.509776386152652,0.5626350071688468,
,,,,,0.4972203175282024,0.5487770020661659,
,,,,,0.5038377050464934,0.5453641286526429,
,,,,,0.5038377050464934,0.5453641286526429,
,,,,,0.5059711286205484,0.5482730746078865,
,,,,,0.510399957201192,0.5515486030867021,
,,,,,0.5129647811067256,0.5437010431090152,
,,,,,0.5411778440675955,0.5638824886074686,
,,,,,0.5305579609576082,0.5659673990573514,
,,,,,0.5269731098700567,0.5659673990573514,
,,,,,0.5295437104060083,0.5687282156381189,
,,,,,0.5703619860194313,0.595173400102248,
,,,,,0.5694300219899878,0.595173400102248,
,,,,,0.5682654146817334,0.5638015059148638,
,,,,,0.5825623464600079,0.5680876340131696,
,,,,,0.5843885607122337,0.577524305674518,
,,,,,0.5399184694552976,0.5661904953467064,
,,,,,0.5121427221626443,0.5601551536241566,
,,,,,0.49244248881785985,0.5460731750731589,
,,,,,0.5237348208832089,0.567623889005812,
,,,,,0.5202184017072189,0.5751072117612597,
,,,,,0.5039224035814506,0.5570918051277745,
,,,,,0.5166907077262508,0.5592764788733735,
,,,,,0.5156606761526117,0.5433210945454253,
,,,,,0.5192164461237041,0.550448761411886,
,,,,,0.5118610063795423,0.5574877481307081,
,,,,,0.5129647811067256,0.5554049794577416,
,,,,,0.5129647811067256,0.5437010431090152,
,,,,,0.521162848384687,0.5631189375057658,
,,,,,0.521162848384687,0.5586849301238307,
,,,,,0.5295437104060083,0.5687282156381189,
,,,,,0.5694300219899878,0.595173400102248,
,,,,,0.5682654146817334,0.5638015059148638,
,,,,,0.5825623464600079,0.5680876340131696,
,,,,,0.5359782953953712,0.5737714401502793,
,,,,,0.5383067725315505,0.5671452853894495,
,,,,,0.5128307777678786,0.5567478838332554,
,,,,,0.5113428667398823,0.5553997790365857,
,,,,,0.5209968729552651,0.564996000630785,
,,,,,0.5200291499807332,0.5636076822439784,
,,,,,0.5089121372733066,0.5557534274486562,
,,,,,0.525989725772411,0.5687282156381189,
,,,,,0.5151094792178821,0.5470739047658755,
,,,,,0.5383222238008903,0.560084292757158,
,,,,,0.535446570895971,0.5543616486084799,
,,,,,0.5330082469020494,0.5593859018526377,
,,,,,0.5392894888689086,0.5625462741794888,
,,,,,0.521162848384687,0.5631189375057658,
,,,,,0.5318649884819512,0.5638469239648988,
,,,,,0.5359782953953712,0.5717075141065732,
,,,,,0.5326284310491501,0.5737714401502793,
,,,,,0.5346849114779113,0.5656899064197615,
,,,,,0.5326284310491501,0.5593904366908813,
,,,,,0.5176994243922571,0.564996000630785,
,,,,,0.5173176834667268,0.5493929134040628,
,,,,,0.5177994331970287,0.5670914088097464,
,,,,,0.5089121372733066,0.5557534274486562,
,,,,,0.525989725772411,0.5687282156381189,
,,,,,0.5346849114779113,0.5666552475569966,
,,,,,0.5395456834004377,0.5666552475569966,
,,,,,0.5216217339115666,0.5686673152723667,
,,,,,0.5497950268233823,0.573920058423112,
,,,,,0.5186097609485107,0.5647998895580219,
,,,,,0.5154468687572421,0.5601551536241566,
,,,,,0.5362031185058559,0.5797714819611892,
,,,,,0.5532781637320502,0.5678542558438825,
,,,,,0.5570858590054887,0.5667024216535299,
,,,,,0.5388728807401303,0.5681115383949922,
,,,,,0.5628227865508026,0.57204310613475,
,,,,,0.571884939616012,0.5734556412901183,
,,,,,0.5533801881030131,0.5696583832316392,
,,,,,0.5131053964524238,0.5637737269679818,
,,,,,0.5532781637320502,0.5678542558438825,
,,,,,0.5441571849679628,0.5638015059148638,
,,,,,0.5421396530321707,0.5604138857967312,
,,,,,0.5582545213660967,0.5744392701774083,
,,,,,0.5604661539262834,0.5760161776873495,
,,,,,0.5431449041360672,0.5704828005346874,
,,,,,0.5421396530321707,0.5604138857967312,
,,,,,0.5525430017367453,0.5752944821004851,
,,,,,0.5675752010714536,0.5711154243511904,
,,,,,0.5594836460600316,0.5934729322783815,
,,,,,0.5576612237601619,0.5722015010139233,
,,,,,0.5411856398849376,0.5666552475569966,
,,,,,0.5613789652518962,0.5760161776873495,
,,,,,0.5237348208832089,0.5785397330251545,
,,,,,0.5039712427366726,0.5567080449864694,
,,,,,0.44214329218365744,0.5084964005677065,
,,,,,0.42157848789604546,0.49306312392454005,
,,,,,0.5657957692463499,0.6142198798943487,
,,,,,0.5657957692463499,0.6142198798943487,
,,,,,0.5533801881030131,0.5930398840359229,
,,,,,0.4743258755168684,0.5321473959429488,
,,,,,0.48327290075888135,0.5210609918608039,
,,,,,0.4524256943274634,0.5035373208922526,
,,,,,0.43186089003985145,0.4966709028800855,
,,,,,0.43186089003985145,0.4966709028800855,
,,,,,0.42157848789604546,0.49306312392454005,
,,,,,0.4010136836084335,0.46901126422090395,
,,,,,0.3960837647723621,0.4569853343690859,
,,,,,0.5462855703068207,0.5930398840359229,
,,,,,0.5462855703068207,0.5930398840359229,
,,,,,0.5533801881030131,0.5930398840359229,
,,,,,0.5336166099564769,0.5718598881774971,
,,,,,0.4743258755168684,0.5321473959429488,
,,,,,0.46444408644360025,0.5210609918608039,
,,,,,0.4729904986150754,0.5264253809328096,
,,,,,0.44214329218365744,0.5001603940010229,
,,,,,0.43186089003985145,0.505089053776358,
,,,,,0.42157848789604546,0.49306312392454005,
,,,,,0.39073128146462754,0.47301990750484335,
,,,,,0.3804488793208215,0.46057201520208424,
,,,,,0.3856605078046683,0.46057201520208424,
,,,,,0.3752372508369746,0.44812412289932524,
,,,,,0.3752372508369746,0.4329334746654498,
,,,,,0.5336166099564769,0.5718598881774971,
,,,,,0.5170202718975266,0.5612698902482842,
,,,,,0.46824477454870345,0.5321473959429488,
,,,,,0.45848967507893873,0.5210609918608039,
,,,,,0.4729904986150754,0.5264253809328096,
,,,,,0.4524256943274634,0.5117920310708141,
,,,,,0.43186089003985145,0.505089053776358,
,,,,,0.42157848789604546,0.49306312392454005,
,,,,,0.3804488793208215,0.46057201520208424,
,,,,,0.3804488793208215,0.46057201520208424,
,,,,,0.3804488793208215,0.46057201520208424,
,,,,,0.3701664771770155,0.44812412289932524,
,,,,,0.3701664771770155,0.44812412289932524,
,,,,,0.3701664771770155,0.44812412289932524,
,,,,,0.36523092414798863,0.4403978449183024,
,,,,,0.507265172427762,0.5506798923190713,
,,,,,0.45848967507893873,0.5210609918608039,
,,,,,0.45848967507893873,0.5210609918608039,
,,,,,0.46668395863354106,0.5264253809328096,
,,,,,0.4463933517364306,0.5117920310708141,
,,,,,0.43186089003985145,0.48852875693123166,
,,,,,0.43186089003985145,0.48852875693123166,
,,,,,0.4010136836084335,0.48546779980760235,
,,,,,0.3804488793208215,0.46057201520208424,
,,,,,0.3804488793208215,0.46057201520208424,
,,,,,0.3701664771770155,0.44812412289932524,
,,,,,0.3701664771770155,0.44812412289932524,
,,,,,0.3701664771770155,0.44812412289932524,
,,,,,0.36523092414798863,0.4403978449183024,
,,,,,0.36523092414798863,0.4403978449183024,
,,,,,0.45848967507893873,0.5378694109530879,
,,,,,0.46668395863354106,0.5264253809328096,
,,,,,0.4463933517364306,0.5117920310708141,
,,,,,0.43186089003985145,0.4966709028800855,
,,,,,0.43186089003985145,0.4966709028800855,
,,,,,0.39073128146462754,0.4493689121296012,
,,,,,0.3804488793208215,0.46057201520208424,
,,,,,0.3701664771770155,0.44812412289932524,
,,,,,0.3701664771770155,0.44812412289932524,
,,,,,0.3701664771770155,0.44812412289932524,
,,,,,0.3701664771770155,0.44812412289932524,
,,,,,0.36523092414798863,0.4403978449183024,
,,,,,0.36523092414798863,0.4403978449183024,
,,,,,0.3753762275965439,0.4526311183882552,
,,,,,0.37550798478418745,0.4569853343690859,
,,,,,0.4905788180715857,0.5518565587556505,
,,,,,0.470555192844174,0.5378694109530879,
,,,,,0.4768292620820963,0.5378694109530879,
,,,,,0.43624804828787533,0.5001603940010229,
,,,,,0.4159574413907649,0.48484540519246444,
,,,,,0.4058121379422096,0.4730199075048433,
,,,,,0.3855215310450992,0.4493689121296012,
,,,,,0.3753762275965439,0.4526311183882552,
,,,,,0.3753762275965439,0.43754341444198,
,,,,,0.36523092414798863,0.42571791675435894,
,,,,,0.3701664771770155,0.42571791675435894,
,,,,,0.3753762275965439,0.43754341444198,
,,,,,0.3753762275965439,0.43754341444198,
,,,,,0.36562619571091937,0.43754341444198,
,,,,,0.37550798478418745,0.4493689121296012,
,,,,,0.38538977385745554,0.4611944098172222,
,,,,,0.38538977385745554,0.4611944098172222,
,,,,,0.5206142559127032,0.5764930122715278,
,,,,,0.4905788180715857,0.5518565587556505,
,,,,,0.470555192844174,0.5378694109530879,
,,,,,0.4768292620820963,0.5378694109530879,
,,,,,0.43624804828787533,0.5001603940010229,
,,,,,0.4159574413907649,0.48484540519246444,
,,,,,0.39566683449365436,0.4611944098172222,
,,,,,0.3855215310450992,0.4569853343690859,
,,,,,0.3855215310450992,0.4648643918582081,
,,,,,0.3855215310450992,0.4493689121296012,
,,,,,0.36523092414798863,0.42571791675435894,
,,,,,0.3804488793208215,0.43754341444198,
,,,,,0.3804488793208215,0.43754341444198,
,,,,,0.39073128146462754,0.4493689121296012,
,,,,,0.4010136836084335,0.4611944098172222,
,,,,,0.41129608575223947,0.4730199075048433,
,,,,,0.41129608575223947,0.4730199075048433,
,,,,,0.42157848789604546,0.4768971198614404,
,,,,,0.42610274483932015,0.48852875693123166,
,,,,,0.434798719223796,0.5035373208922526,
,,,,,0.46668395863354106,0.5264253809328096,
,,,,,0.43624804828787533,0.5001603940010229,
,,,,,0.43624804828787533,0.5001603940010229,
,,,,,0.43624804828787533,0.5001603940010229,
,,,,,0.4058121379422096,0.48103719407272194,
,,,,,0.39566683449365436,0.47709766532816095,
,,,,,0.39566683449365436,0.4611944098172222,
,,,,,0.39566683449365436,0.4611944098172222,
,,,,,0.39073128146462754,0.4493689121296012,
,,,,,0.39073128146462754,0.4493689121296012,
,,,,,0.39073128146462754,0.4493689121296012,
,,,,,0.41129608575223947,0.4730199075048433,
,,,,,0.41129608575223947,0.4730199075048433,
,,,,,0.42157848789604546,0.48484540519246444,
,,,,,0.42157848789604546,0.48484540519246444,
,,,,,0.42610274483932015,0.4966709028800855,
,,,,,0.434798719223796,0.5035373208922526,
,,,,,0.434798719223796,0.5035373208922526,
,,,,,0.434798719223796,0.5035373208922526,
,,,,,0.434798719223796,0.5035373208922526,
,,,,,0.4249169301505279,0.4920932908719741,
,,,,,0.3804488793208215,0.45363384572185794,
,,,,,0.3804488793208215,0.45363384572185794,
,,,,,0.3804488793208215,0.45363384572185794,
,,,,,0.3804488793208215,0.45363384572185794,
,,,,,0.3804488793208215,0.45363384572185794,
,,,,,0.39020397879058616,0.46526548279164914,
,,,,,0.39020397879058616,0.46526548279164914,
,,,,,0.3999590782603509,0.48484540519246444,
,,,,,0.3999590782603509,0.4768971198614404,
,,,,,0.42922437666964475,0.5035373208922526,
,,,,,0.43897947613940946,0.5234236681406054,
,,,,,0.4487345756091741,0.5180694225053045,
,,,,,0.4487345756091741,0.5180694225053045,
,,,,,0.4249169301505279,0.4920932908719741,
,,,,,0.4249169301505279,0.4920932908719741,
,,,,,0.41503514107725986,0.4806492608516957,
,,,,,0.3999590782603509,0.4768971198614404,
,,,,,0.4097141777301155,0.48852875693123166,
,,,,,0.4097141777301155,0.48852875693123166,
,,,,,0.4097141777301155,0.48852875693123166,
,,,,,0.4097141777301155,0.48852875693123166,
,,,,,0.4097141777301155,0.48852875693123166,
,,,,,0.4097141777301155,0.48852875693123166,
,,,,,0.4097141777301155,0.4806492608516957,
,,,,,0.43897947613940946,0.5068070437551893,
,,,,,0.4487345756091741,0.5180694225053045,
,,,,,0.4487345756091741,0.5180694225053045,
,,,,,0.4375162112189448,0.5180694225053045,
,,,,,0.4470274332019653,0.5293318012554199,
,,,,,0.4955847243784386,0.5530980808225924,
,,,,,0.47367145239943337,0.5335664556654632,
,,,,,0.4635933363909348,0.5350553052103966,
,,,,,0.4446805082970641,0.514981350912531,
,,,,,0.41503514107725986,0.4806492608516957,
,,,,,0.4051533520039918,0.4692052308314172,
,,,,,0.4051533520039918,0.4692052308314172,
,,,,,0.3999590782603509,0.4768971198614404,
,,,,,0.3999590782603509,0.4768971198614404,
,,,,,0.3999590782603509,0.4768971198614404,
,,,,,0.4097141777301155,0.48852875693123166,
,,,,,0.4097141777301155,0.48852875693123166,
,,,,,0.4097141777301155,0.48852875693123166,
,,,,,0.42922437666964475,0.5117920310708141,
,,,,,0.43897947613940946,0.5068070437551893,
,,,,,0.43897947613940946,0.5068070437551893,
,,,,,0.4487345756091741,0.5180694225053045,
,,,,,0.45848967507893873,0.5293318012554199,
,,,,,0.4470274332019653,0.5130446689090993,
,,,,,0.4565386551849859,0.5239605129284418,
,,,,,0.4565386551849859,0.5239605129284418,
,,,,,0.5088806666074682,0.5687071407023879,
,,,,,0.49918770152923075,0.5536483008295324,
,,,,,0.494341218990112,0.5524583652537483,
,,,,,0.4891485591267705,0.5487770020661659,
,,,,,0.4595031919069662,0.5155177898197315,
,,,,,0.4545622973703322,0.5099745877786592,
,,,,,0.45753329277798144,0.5180694225053045,
,,,,,0.4635933363909348,0.5180694225053045,
,,,,,0.4505315676167624,0.49888818369651444,
,,,,,0.4334227739097967,0.49888818369651444,
,,,,,0.434798719223796,0.4878017796143696,
,,,,,0.4249169301505279,0.4920932908719741,
,,,,,0.434798719223796,0.5035373208922526,
,,,,,0.434798719223796,0.5035373208922526,
,,,,,0.434798719223796,0.5035373208922526,
,,,,,0.434798719223796,0.5035373208922526,
,,,,,0.42922437666964475,0.5035373208922526,
,,,,,0.42922437666964475,0.5035373208922526,
,,,,,0.4097141777301155,0.48852875693123166,
,,,,,0.4097141777301155,0.48852875693123166,
,,,,,0.4097141777301155,0.48852875693123166,
,,,,,0.43897947613940946,0.5234236681406054,
,,,,,0.43897947613940946,0.5234236681406054,
,,,,,0.43897947613940946,0.5234236681406054,
,,,,,0.4487345756091741,0.5350553052103966,
,,,,,0.4487345756091741,0.5180694225053045,
,,,,,0.45848967507893873,0.5293318012554199,
,,,,,0.45848967507893873,0.5293318012554199,
,,,,,0.46824477454870345,0.5405941800055352,
,,,,,0.4565386551849859,0.5239605129284418,
,,,,,0.4565386551849859,0.5239605129284418,
,,,,,0.4660498771680064,0.5348763569477843,
,,,,,0.533113079303062,0.6050254630875902,
,,,,,0.49602828569676727,0.5578746237366281,
,,,,,0.49121247709776955,0.5482730746078865,
,,,,,0.49121247709776955,0.5524583652537483,
,,,,,0.481083744173426,0.5432338000250935,
,,,,,0.46144767298267386,0.5251638343164008,
,,,,,0.46144767298267386,0.5251638343164008,
,,,,,0.4565386551849858,0.5195769850151626,
,,,,,0.45753329277798144,0.5139901357139243,
,,,,,0.4446805082970641,0.5068070437551893,
,,,,,0.43897947613940946,0.49888818369651444,
,,,,,0.43897947613940946,0.49888818369651444,
,,,,,0.43897947613940946,0.5068070437551893,
,,,,,0.43897947613940946,0.5068070437551893,
,,,,,0.42922437666964475,0.4955446650050739,
,,,,,0.42922437666964475,0.4955446650050739,
,,,,,0.42922437666964475,0.4955446650050739,
,,,,,0.434798719223796,0.4955446650050739,
,,,,,0.434798719223796,0.4955446650050739,
,,,,,0.4446805082970641,0.5068070437551893,
,,,,,0.43897947613940946,0.49888818369651444,
,,,,,0.46824477454870345,0.5321473959429488,
,,,,,0.4487345756091741,0.5099745877786592,
,,,,,0.4487345756091741,0.5180694225053045,
,,,,,0.47799987401846805,0.5518565587556505,
,,,,,0.4719492427017786,0.5518565587556505,
,,,,,0.46029617498074704,0.5348763569477843,
,,,,,0.49602828569676727,0.5621659669961406,
,,,,,0.48639666849877183,0.5428978483862406,
,,,,,0.481083744173426,0.5432338000250935,
,,,,,0.47617472637573793,0.5419243822201159,
,,,,,0.47126570857804995,0.5363375329188775,
,,,,,0.47126570857804995,0.5363375329188775,
,,,,,0.46250648074295947,0.5195769850151626,
,,,,,0.4545622973703322,0.5180694225053045,
,,,,,0.4487345756091741,0.5099745877786592,
,,,,,0.4487345756091741,0.5099745877786592,
,,,,,0.46824477454870345,0.5405941800055352,
,,,,,0.47799987401846805,0.5518565587556505,
,,,,,0.47799987401846805,0.5518565587556505,
,,,,,0.47799987401846805,0.5518565587556505,
,,,,,0.46824477454870345,0.5321473959429488,
,,,,,0.4743258755168684,0.5321473959429488,
,,,,,0.4743258755168684,0.5321473959429488,
,,,,,0.4743258755168684,0.5321473959429488,
,,,,,0.46824477454870345,0.5321473959429488,
,,,,,0.46824477454870345,0.5321473959429488,
,,,,,0.47799987401846805,0.5432338000250935,
,,,,,0.47799987401846805,0.5432338000250935,
,,,,,0.47799987401846805,0.5518565587556505,
,,,,,0.46029617498074704,0.5267721697213027,
,,,,,0.481083744173426,0.5432338000250935,
,,,,,0.47126570857804995,0.5363375329188775,
,,,,,0.47617472637573793,0.5419243822201159,
,,,,,0.47617472637573793,0.5419243822201159,
,,,,,0.46747966870793756,0.5251638343164008,
,,,,,0.4545622973703322,0.5180694225053045,
,,,,,0.4487345756091741,0.5099745877786592,
,,,,,0.4487345756091741,0.5099745877786592,
,,,,,0.4877549734882327,0.5631189375057658,
,,,,,0.4877549734882327,0.5631189375057658,
,,,,,0.4877549734882327,0.5631189375057658,
,,,,,0.4877549734882327,0.5631189375057658,
,,,,,0.4877549734882327,0.5543202041072383,
,,,,,0.49408945366340457,0.5543202041072383,
,,,,,0.49408945366340457,0.5543202041072383,
,,,,,0.49408945366340457,0.5543202041072383,
,,,,,0.49408945366340457,0.5543202041072383,
,,,,,0.4877549734882327,0.5543202041072383,
,,,,,0.4877549734882327,0.5543202041072383,
,,,,,0.5105378509595541,0.567623889005812,
,,,,,0.4873724205678498,0.5475112315213541,
,,,,,0.47742604463789373,0.5363375329188775,
,,,,,0.48239923260287176,0.5419243822201159,
,,,,,0.48239923260287176,0.5419243822201159,
,,,,,0.4787105104036827,0.5307506836176391,
,,,,,0.45268600830578765,0.5130446689090993,
,,,,,0.4470274332019653,0.5210609918608039,
,,,,,0.4470274332019653,0.5210609918608039,
,,,,,0.4755610991510269,0.5543202041072383,
,,,,,0.4755610991510269,0.5543202041072383,
,,,,,0.48158085989977406,0.5543202041072383,
,,,,,0.49121247709776955,0.5654066081893829,
,,,,,0.49121247709776955,0.5654066081893829,
,,,,,0.49121247709776955,0.5743813162558811,
,,,,,0.49121247709776955,0.5743813162558811,
,,,,,0.49121247709776955,0.5743813162558811,
,,,,,0.49121247709776955,0.5743813162558811,
,,,,,0.5187939263465748,0.577524305674518,
,,,,,0.5170202718975266,0.5785397330251545,
,,,,,0.5237348208832089,0.5875794163536725,
,,,,,0.5138530318099408,0.5764930122715278,
,,,,,0.5172115483577182,0.5764930122715278,
,,,,,0.5172115483577182,0.5764930122715278,
,,,,,0.530626068526409,0.5785397330251545,
,,,,,0.48158085989977406,0.5457922009671269,
,,,,,0.5040947651000885,0.5785397330251545,
,,,,,0.5040947651000885,0.5785397330251545,
,,,,,0.49458354311706804,0.5590235270511784,
,,,,,0.49458354311706804,0.5590235270511784,
,,,,,0.500844094295765,0.567623889005812,
,,,,,0.500844094295765,0.567623889005812,
,,,,,0.500844094295765,0.567623889005812,
,,,,,0.5138530318099408,0.5720240741919035,
,,,,,0.5187939263465748,0.577524305674518,
,,,,,0.5170202718975266,0.5785397330251545,
,,,,,0.5237348208832089,0.5875794163536725,
,,,,,0.5237348208832089,0.5875794163536725,
,,,,,0.5271579242876743,0.5875794163536725,
,,,,,0.5271579242876743,0.5875794163536725,
,,,,,0.5406378811401148,0.589455577044497,
,,,,,0.5104757114937606,0.5785397330251545,
,,,,,0.5282665967639432,0.5995252316049757,
,,,,,0.5301739221503061,0.5986658204358173,
,,,,,0.5301739221503061,0.5986658204358173,
,,,,,0.5336166099564769,0.5986658204358173,
,,,,,0.5336166099564769,0.5986658204358173,
,,,,,0.5406378811401148,0.589455577044497,
,,,,,0.5406378811401148,0.589455577044497,
,,,,,0.5379595618421807,0.5966501106027,
,,,,,0.5399919577456821,0.6003714210638396,
,,,,,0.5399919577456821,0.6050254630875902,
,,,,,0.5399919577456821,0.6050254630875902,
,,,,,0.543498399029745,0.6003714210638396,
,,,,,0.5237348208832089,0.5785397330251545,
,,,,,0.5406378811401148,0.589455577044497,
,,,,,0.5428060443812995,0.602025336824346,
,,,,,0.5399919577456821,0.6003714210638396,
,,,,,0.5520238641125645,0.6105256945702047,
,,,,,0.543498399029745,0.6003714210638396,
,,,,,0.5336166099564769,0.589455577044497,
,,,,,0.5506496937538207,0.6003714210638396,
,,,,,0.5449009755433702,0.6152954265590345,
,,,,,0.5267753713672914,0.5986658204358173,
,,,,,0.5267753713672914,0.5986658204358173,
,,,,,0.5267753713672914,0.5986658204358173,
,,,,,0.5267753713672914,0.5986658204358173,
,,,,,0.5267753713672914,0.6081684525062271,
,,,,,0.5267753713672914,0.6081684525062271,
