Dissolved Oxygen,Salinity,Temperature,pH,Turbidity,Dissolved Organic Matter,Suspended Matter,Temperature,Chlorophyll
9.3369,0.11930585652589798,27.91258277000003,7.2443527272727275,-0.1553344428539276,0.43091658780215497,0.49628984495245,27.91258277000003,0.030456852167844772
8.465150000000001,0.08908406645059586,27.54172760000006,7.228546139359699,-0.18856514990329742,0.4324673587990036,0.49771432914664027,27.54172760000006,0.032131146639585495
8.40315,0.10068649798631668,29.35156919000002,7.234874779541446,-0.16873705387115479,0.4136068488750732,0.48278168880578476,29.35156919000002,0.006188118830323219
8.6155,0.11198428273200989,30.563257280000016,7.395503095975233,-0.16028225421905518,0.40489869525476463,0.47372446587557443,30.563257280000016,0.028004666790366173
8.31795,0.08516483753919601,25.308051530000057,7.190210116731518,-0.1721084713935852,0.5247775221304972,0.5715418026814436,25.308051530000057,0.032341524958610535
8.3507,0.07454289495944977,25.453317380000044,7.153301204819277,-0.17928729951381683,0.5001877693547633,0.5505863656635323,25.453317380000044,0.029624752700328827
8.24915,0.1077348068356514,26.459924269999988,7.207063706563707,-0.17965726554393768,0.4720619873846983,0.5358095521038433,26.459924269999988,0.024326100945472717
8.77895,0.10270269960165024,27.921127820000038,7.211710679611651,-0.19782015681266785,0.4287056002695279,0.5047548675557836,27.921127820000038,0.023224949836730957
8.283100000000001,0.07589880377054214,28.76708776999999,7.164562130177515,-0.19203872978687286,0.41719678243703723,0.4851310452332282,28.76708776999999,-0.0013333333190530539
8.31625,0.078709676861763,29.59766663000005,7.166075875486381,-0.18397469818592072,0.39669580655160397,0.4594867986580078,29.59766663000005,0.03128911182284355
7.98465,0.09160305559635162,29.613047720000054,7.259224381625442,-0.1636551320552826,0.396945307692456,0.46046185686312174,29.613047720000054,0.017586415633559227
8.1046,0.09848485141992569,30.023210120000044,7.212231329690346,-0.1826363205909729,0.40071521515705033,0.46913648415528414,30.023210120000044,0.041589073836803436
8.312100000000001,0.08418367058038712,29.093508680000014,7.172395437262358,-0.1769677698612213,0.4065142350666771,0.4830309108382791,29.093508680000014,-0.002574002603068948
8.28415,0.07619047909975052,28.474847060000002,7.2373285198555966,-0.18350079655647278,0.40588836110861504,0.4859481043337538,28.474847060000002,0.006435006391257048
8.293700000000001,0.09698276221752167,28.885009459999992,7.294665529010239,-0.17689530551433563,0.4061619759921598,0.48632762016148506,28.885009459999992,0.0043668122962117195
8.11125,0.11232876777648926,25.193547860000024,7.216312849162012,-0.16832779347896576,0.5185786591572193,0.5671059839975949,25.193547860000024,0.03159252181649208
8.114700000000001,0.07737226039171219,25.32855964999999,7.172595375722544,-0.1741071492433548,0.47208039663809176,0.5332446070686042,25.32855964999999,0.03457273170351982
8.217,0.0940665677189827,25.45160837000003,7.155930555555556,-0.20042987167835236,0.46143672233749106,0.5328474056718924,25.45160837000003,0.03188028559088707
8.259549999999999,0.10215827077627182,26.348838620000038,7.1549980198019805,-0.1978609561920166,0.44665959588770476,0.5181274760040164,26.348838620000038,0.032258063554763794
8.32385,0.15374507009983063,26.935029050000026,7.252430656934307,-0.1912858635187149,0.43510341349094656,0.497557815206657,26.935029050000026,0.02185089886188507
8.1808,0.09930069744586945,27.473367199999984,7.207651252408478,-0.20107527077198029,0.4150819003315498,0.4834435984756948,27.473367199999984,0.012624585069715977
8.191,0.08192090690135956,27.98265218000006,7.1584980392156865,-0.1969940960407257,0.38565258739663827,0.44806519641567033,27.98265218000006,0.009271522983908653
8.22925,0.09985934942960739,28.847411240000042,7.160808219178083,-0.19105906784534454,0.37636823531713104,0.45481721072040676,28.847411240000042,0.0013140604132786393
8.2771,0.08732394129037857,28.999513130000025,7.139198818897638,-0.19090428948402405,0.37619589388125946,0.4565956051609252,28.999513130000025,0.009708737954497337
8.22415,0.08913648873567581,29.59253960000001,7.131059055118111,-0.19180241227149963,0.3846093166402473,0.45215138217374723,29.59253960000001,0.01093247625976801
8.2635,0.08635097742080688,29.141360960000043,7.12301581027668,-0.17529039084911346,0.37502937961539673,0.4494230334004828,29.141360960000043,-0.017589576542377472
8.43295,0.07814569771289825,27.77927999000002,7.1334322200392934,-0.19957196712493896,0.3728448075871365,0.4501191106473468,27.77927999000002,0.0013351135421544313
8.42355,0.10922329872846603,27.87840257000005,7.222626151012892,-0.19423691928386688,0.3926981803595601,0.45743243273282064,27.87840257000005,0.005270092282444239
8.535150000000002,0.13596491515636444,29.604502669999988,7.259305555555556,-0.1804826855659485,0.3886422704706696,0.4613895247903923,29.604502669999988,-0.0006406150059774518
8.0601,0.1474785953760147,31.13919365000004,7.458530172413793,-0.16583415865898132,0.39415201511823167,0.4756988228386087,31.13919365000004,0.03356481343507767
8.2464,0.1388888955116272,25.535349859999997,7.212776363636364,-0.1670212745666504,0.44556307466048384,0.5104836054132846,25.535349859999997,0.026724673807621002
7.897550000000001,0.09552238881587982,27.60154295000001,7.193451851851853,-0.19741100072860718,0.44618698401536416,0.518606749735749,27.60154295000001,0.036269430071115494
8.0775,0.11756168305873871,28.13646308,7.188391304347826,-0.19742488861083984,0.42856667557350414,0.49717770992384064,28.13646308,0.02158273383975029
8.127550000000001,0.11824817210435867,28.138172090000012,7.167150579150579,-0.20778538286685944,0.4063008822766989,0.47287021766069626,28.138172090000012,0.008558262139558792
7.9924,0.11244377493858337,27.85276742000002,7.142151631477928,-0.20905740559101105,0.3847887145733858,0.44692706894926637,27.85276742000002,0.013140604831278324
8.02015,0.09803921729326248,28.153553180000017,7.155506796116505,-0.20063191652297974,0.376928711754152,0.4558456462477444,28.153553180000017,0.012361743487417698
8.0645,0.09337349236011505,27.96556208000004,7.12434375,-0.19366754591464996,0.38155400631285163,0.4551906956065838,27.96556208000004,0.009721321985125542
8.2365,0.10210210084915161,28.303946060000044,7.105987927565392,-0.18253551423549652,0.3852553277476152,0.4513614868315446,28.303946060000044,-0.0012886597542092204
8.38625,0.09909909963607788,28.758542720000037,7.073977505112475,-0.1797575056552887,0.37567229006569075,0.4493627353222428,28.758542720000037,-0.012361743487417698
8.50195,0.10334789007902145,28.73632558999998,7.060595833333334,-0.2008569836616516,0.37396395524148934,0.4501361517539038,28.73632558999998,0.0013386880746111274
8.5161,0.11596179753541946,28.341544279999994,7.093415983606558,-0.21443966031074524,0.3732434081215635,0.4503149519446108,28.341544279999994,0.015530047006905079
8.56045,0.09668508172035217,27.974107129999993,7.106737051792829,-0.18514472246170044,0.37442977539266886,0.4542602678406906,27.974107129999993,0.024836601689457893
8.59905,0.10539846122264862,28.68676430000005,7.151675623800385,-0.17297297716140747,0.378658170502071,0.44936780818097466,28.68676430000005,0.019859064370393753
8.66555,0.12254901975393295,30.549585200000024,7.222626151012892,-0.16851557791233063,0.39779457290687725,0.46422325664676506,30.549585200000024,0.013166144490242004
8.87955,0.13459399342536926,33.020813660000044,7.257748760330579,-0.1684698611497879,0.4040629476924587,0.4830100136063699,33.020813660000044,0.009815950877964497
7.27115,0.14012739062309265,27.410133830000007,7.681086240310078,-0.1687823235988617,0.4471146921192407,0.5196728143342233,27.410133830000007,0.0757971778512001
8.23055,0.1144130751490593,27.374244620000013,7.1606400742115035,-0.19936875998973846,0.4221932202650377,0.49842461614260347,27.374244620000013,0.028717294335365295
8.02575,0.13056379556655884,27.712628600000016,7.1499924528301895,-0.21196222305297852,0.3940313383911638,0.4592105896083834,27.712628600000016,0.014435695484280586
7.9042,0.11280487477779388,28.001451289999977,7.17656261682243,-0.21487602591514587,0.39483938066629,0.4588352827532776,28.001451289999977,0.01872175559401512
7.9674000000000005,0.11212120950222015,28.541498450000006,7.125536538461539,-0.20768432319164276,0.38052005778280856,0.4533280182791815,28.541498450000006,0.015483871102333069
8.07675,0.11854103207588196,28.432121810000012,7.105840236686391,-0.19708029925823212,0.3801815975452694,0.4509272345938581,28.432121810000012,0.008370894938707352
8.30055,0.1190476194024086,28.555170530000055,7.067466531440163,-0.1811518371105194,0.3845008933168294,0.44913880040430815,28.555170530000055,-0.001280409749597311
8.356200000000001,0.13235294818878174,28.65087509,7.061217213114754,-0.18706941604614258,0.37489770802431815,0.4489585192932825,28.65087509,-0.0006523157353512943
8.29545,0.11782477051019669,28.26292982000001,7.061534303534304,-0.20706260204315186,0.37359719334253183,0.4488995030610848,28.26292982000001,0.03263707458972931
8.42015,0.11680911481380463,27.85618543999999,7.042153039832286,-0.2073039710521698,0.37246383175213815,0.4484963190146901,27.85618543999999,0.025099074468016624
8.52955,0.11724138259887695,27.569071760000043,7.05578305785124,-0.19696970283985138,0.3786032508253619,0.4498397588981742,27.569071760000043,0.01656726375222206
8.54245,0.11731843650341034,27.905746730000033,7.078246938775511,-0.19288793206214905,0.37288313456160066,0.449151930520654,27.905746730000033,0.01706036739051342
8.6396,0.10752688348293304,29.63526485,7.1147795275590555,-0.17976318299770355,0.37235422231399556,0.44997757745175815,29.63526485,0.0006557377055287361
8.55695,0.10997442156076431,29.799329810000017,7.160764478764479,-0.184747576713562,0.4072624306559326,0.48032926589895786,29.799329810000017,0.008491181768476963
8.611650000000001,0.12223515659570694,30.01124705000001,7.255294532627866,-0.1732909381389618,0.42338825559775717,0.49001001030501723,30.01124705000001,0.009523809887468815
7.93095,0.11676646769046783,27.399879769999984,7.175130275229359,-0.2074688822031021,0.400130068112628,0.47181455374604997,27.399879769999984,0.01799485832452774
7.90805,0.13513512909412384,27.456277100000023,7.157353049907579,-0.2078593522310257,0.3951853061794021,0.45846544881238654,27.456277100000023,0.016688061878085136
7.992850000000001,0.12352941185235977,29.156742050000048,7.127017241379311,-0.2063983529806137,0.37571860906283616,0.45240665465486163,29.156742050000048,0.015994882211089134
8.05895,0.1338345855474472,28.936279760000048,7.106576171875,-0.19958634674549103,0.38150548345179325,0.4592799554947093,28.936279760000048,0.012125079520046711
8.254,0.12990936636924744,29.021730260000027,7.075527777777778,-0.19248826801776886,0.38538977385745554,0.44967157569016175,29.021730260000027,0.012755102477967739
8.366800000000001,0.10746268928050995,28.796140939999987,7.043535787321064,-0.19322392344474792,0.3669066438790208,0.44281761329697433,28.796140939999987,0.013592232950031757
8.3097,0.14067278802394867,27.885238609999988,7.054257201646091,-0.19915029406547546,0.3723717361087365,0.44871796730275965,27.885238609999988,0.02709677442908287
8.37085,0.09417040646076202,27.432350960000008,7.039428571428572,-0.20775027573108673,0.37148526865184917,0.44833527809918367,27.432350960000008,0.03030303120613098
8.6254,0.10162002593278885,27.43405997000002,7.067870370370371,-0.20299945771694183,0.3788188498464392,0.4509263283641118,27.43405997000002,0.01129568088799715
8.45955,0.11013215780258179,27.75706286000002,7.077446028513239,-0.21137338876724243,0.37348944860153815,0.4496102488171036,27.75706286000002,0.012760241515934467
8.5567,0.09352517873048782,29.63526485,7.088455465587045,-0.20234917104244232,0.3740093248299478,0.45146247087885566,29.63526485,-0.0020120723638683558
8.4979,0.09243697673082352,29.54126930000001,7.1215637450199205,-0.19658119976520538,0.39179749645965284,0.4530021863702205,29.54126930000001,-0.0013315578689798713
8.517,0.11749347299337387,29.61475673000001,7.139132947976879,-0.1987110674381256,0.4078386654725078,0.4783681225394458,29.61475673000001,0.004669779911637306
8.20675,0.12903225421905518,30.729031250000048,7.344183441558442,-0.172306090593338,0.4149666760259439,0.4794003109169258,30.729031250000048,0.028117358684539795
7.413500000000001,0.16150081157684326,32.23466905999999,7.596305825242719,-0.15705765783786774,0.4254343886999727,0.48603970214435993,32.23466905999999,0.044507041573524475
7.899649999999999,0.12061068415641785,27.587870870000017,7.16457091561939,-0.19669592380523682,0.4068166234321656,0.47949677019594317,27.587870870000017,0.026891807094216347
7.9279,0.12012012302875519,27.772443950000024,7.158631956912029,-0.20000000298023224,0.40645110037074,0.47929893282570396,27.772443950000024,0.020715631544589996
8.0252,0.13609467446804047,27.21872471000006,7.1409102564102565,-0.20679011940956116,0.39609854953401846,0.46050997586745634,27.21872471000006,0.017208412289619446
8.13375,0.1336270123720169,29.120852839999998,7.126272388059702,-0.20185375213623047,0.37348944860153815,0.44869454566269,29.120852839999998,0.01336728222668171
8.1745,0.1373707503080368,28.761960740000006,7.104034416826004,-0.20512820780277252,0.37866711234540557,0.45552538241079055,28.761960740000006,0.020846493542194366
8.2518,0.12518854439258575,28.179188329999988,7.073609708737864,-0.20790021121501923,0.3778694136053092,0.4644195455502099,28.179188329999988,0.023702755570411682
8.31165,0.13109755516052246,28.355216359999986,7.023165991902834,-0.2046169936656952,0.3503848945598279,0.4369080757447248,28.355216359999986,0.01430429145693779
8.39775,0.14461538195610046,27.938217920000056,7.026623721881391,-0.2118019014596939,0.359020004215599,0.4340061383792794,27.938217920000056,0.02667534165084362
8.3871,0.13271604478359222,27.553690670000037,7.040391038696538,-0.20382165908813477,0.35940224827685024,0.43435391556792047,27.553690670000037,0.02088772878050804
8.2125,0.11627907305955887,28.221913579999978,7.071929718875502,-0.20764736831188202,0.3701803535631745,0.447355221371442,28.221913579999978,0.01387970894575119
8.167950000000001,0.11411411315202713,28.21507754000004,7.106639763779528,-0.21086262166500092,0.3716514813000155,0.4489734105346974,28.21507754000004,0.00803212821483612
8.3818,0.1111111119389534,29.40283949000002,7.086733739837399,-0.21585431694984436,0.372731863513097,0.44997757745175815,29.40283949000002,0.002044989727437496
8.401800000000001,0.09798271209001541,29.595957620000036,7.094340040241449,-0.2049092799425125,0.372467434300105,0.43994456811024546,29.595957620000036,-0.003367003286257386
8.52615,0.09686221182346344,29.447273750000022,7.146242661448142,-0.21012930572032928,0.3824538800023542,0.4545518758516316,29.447273750000022,0.00136239780113101
8.2889,0.12560386955738068,29.12256185000001,7.267125886524823,-0.19315141439437866,0.39540669850779403,0.4613293014258263,29.12256185000001,0.0258397925645113
8.48695,0.13768115639686584,30.040300220000006,7.24777797833935,-0.19654427468776703,0.41930011362525993,0.4785979724518344,30.040300220000006,0.03813833370804787
8.4714,0.14446952939033508,31.09134137000001,7.3027928692699495,-0.19027027487754822,0.44457694369542294,0.5055116902887223,31.09134137000001,0.05249841883778572
7.549099999999999,0.11719939112663269,27.16061837000001,7.238611570247935,-0.17282716929912567,0.4256362941060532,0.49083799925875715,27.16061837000001,0.012522361241281033
7.7255,0.11949685215950012,26.97433627999999,7.174595486111111,-0.17664974927902222,0.41452871002656266,0.4802328916481756,26.97433627999999,0.015776699408888817
7.781000000000001,0.09717868268489838,27.27341303000003,7.168852430555556,-0.1864578127861023,0.395006489298778,0.45796122131086897,27.27341303000003,0.020085209980607033
7.735200000000001,0.12883435189723969,27.00168044000003,7.168367241379311,-0.19011598825454712,0.3972015998590963,0.4590708169226142,27.00168044000003,0.0104744303971529
7.7831,0.13950073719024658,28.908935600000007,7.184320754716982,-0.19879518449306488,0.3728880163171556,0.43964158872920434,28.908935600000007,0.017846154049038887
7.78875,0.1516936719417572,28.502191219999986,7.19919689119171,-0.2029925137758255,0.37263555320522807,0.4459737570757343,28.502191219999986,0.019030079245567322
7.8364,0.14710251986980438,28.507318250000026,7.180035211267606,-0.20202530920505524,0.3712135897695168,0.44494110021003525,28.507318250000026,0.02172563597559929
7.8825,0.13109755516052246,28.278310910000016,7.1506599634369294,-0.19326874613761902,0.37093122649129456,0.4442648979300808,28.278310910000016,0.012484394945204258
8.09275,0.10452418029308319,28.538080430000036,7.083478011472276,-0.19094184041023254,0.3691541523782851,0.4431471346005741,28.538080430000036,0.0
8.0534,0.109375,28.300528040000017,7.097712380952381,-0.18837571144104004,0.37085318822605123,0.44654815121328784,28.300528040000017,-0.005141388159245253
8.26035,0.1319018453359604,28.403068640000015,7.106513565891474,-0.18789143860340118,0.3701803535631745,0.4476666199662989,28.403068640000015,-0.011703510768711567
8.24135,0.1347305327653885,28.450920920000044,7.085476377952756,-0.19279660284519196,0.3716514813000155,0.44943591211649986,28.450920920000044,-0.005940594244748354
8.0839,0.1373707503080368,29.08838165000003,7.1264932301740815,-0.2043910026550293,0.3741231259829456,0.4498397588981742,29.08838165000003,-0.011968085542321205
8.28645,0.11275964230298996,29.68824416000001,7.059396378269618,-0.20063024759292603,0.3804488793208215,0.4524667755036882,29.68824416000001,-0.00794702023267746
8.31905,0.10526315867900848,29.146487990000026,7.096014028056112,-0.20954906940460205,0.40148752702519874,0.4689970074100904,29.146487990000026,-0.016371076926589012
8.44565,0.13212434947490692,27.854476429999977,7.172395437262358,-0.20670995116233826,0.4190078873600939,0.4931913321319155,27.854476429999977,0.03106411173939705
8.48945,0.1223732978105545,28.10399189000003,7.20970643939394,-0.20367369055747986,0.441149711751784,0.5034617827403035,28.10399189000003,0.04161248356103897
8.5908,0.1305389255285263,29.730969410000057,7.185636015325671,-0.20109890401363373,0.4476833795456218,0.5148900907050328,29.730969410000057,0.04089709743857384
8.545200000000001,0.11785297840833664,30.07277141000003,7.222324863883848,-0.1943076103925705,0.46861639738564687,0.5161829740646603,30.07277141000003,0.023872679099440575
8.4547,0.13240042328834534,30.934112450000043,7.2918430034129695,-0.1886993646621704,0.4983220581161743,0.5494855316503631,30.934112450000043,0.03365079313516617
7.5332,0.14361001551151276,26.342002579999985,7.273865414710485,-0.166015625,0.37460111173632427,0.4328728397250205,26.342002579999985,0.028993746265769005
7.70735,0.13731342554092407,28.19798744000002,7.174763113367175,-0.177109032869339,0.37326036217144415,0.4309568210268846,28.19798744000002,0.017667844891548157
7.8707,0.15509600937366486,28.331290220000028,7.174860627177701,-0.2008032202720642,0.3728880163171556,0.4312828568426512,28.331290220000028,0.03748488426208496
7.7013,0.12775330245494843,27.46824017000006,7.205391156462586,-0.19174635410308838,0.3839190943406876,0.44404214542823994,27.46824017000006,0.02370820753276348
7.6265,0.09145427495241165,27.869857519999982,7.188886402753873,-0.17771084606647491,0.37240687048964966,0.4451275482173237,27.869857519999982,0.0012195121962577105
8.106300000000001,0.10216718167066574,29.071291550000012,7.117154135338346,-0.18624936044216156,0.373038711125024,0.4453983070666043,29.071291550000012,0.008750000037252903
8.08425,0.11773940175771713,29.19092225000003,7.088182341650672,-0.17969964444637299,0.3727161785216178,0.44763533131675626,29.19092225000003,-0.0018975331913679838
8.21365,0.13364055752754211,28.855956289999995,7.10007824427481,-0.1799686998128891,0.3719773455707628,0.449151930520654,28.855956289999995,-0.01093247625976801
8.245,0.13554216921329498,28.866210350000017,7.092901353965184,-0.1878279149532318,0.3725763429066255,0.4507021790257545,28.866210350000017,-0.01641497015953064
8.03515,0.11641790717840195,29.221684429999982,7.130669829222012,-0.19730010628700256,0.39163855224202215,0.4710706496442464,29.221684429999982,-0.012442697770893574
8.191450000000001,0.1064467802643776,29.399421469999993,7.081372781065089,-0.2041558474302292,0.40056456719295686,0.4601037085741892,29.399421469999993,-0.011889035813510418
8.40045,0.1101190447807312,29.291753840000013,7.068608433734941,-0.22492080926895142,0.4121591997055915,0.47428512792613287,29.291753840000013,0.0027173913549631834
8.42725,0.12962962687015533,27.91770980000001,7.12434375,-0.20663811266422272,0.43674848926515836,0.5003846955423135,27.91770980000001,0.02500000037252903
8.53745,0.12051282078027725,28.208241499999986,7.175074074074074,-0.20000000298023224,0.4406545942301771,0.4948870078517825,28.208241499999986,0.035110533237457275
8.64635,0.11742892116308212,29.53272425,7.145357852882704,-0.19848155975341797,0.46911281306084346,0.5314625215594958,29.53272425,0.028270874172449112
8.70105,0.10268948972225189,29.64551891000002,7.14049609375,-0.20544959604740143,0.4833288847995918,0.531881455215341,29.64551891000002,0.027351567521691322
8.4606,0.10151691734790802,30.33937696999999,7.224081481481482,-0.1975850760936737,0.5032328578615637,0.5453888068791984,30.33937696999999,0.025982677936553955
8.57475,0.10679611563682556,30.48293381000002,7.265903114186852,-0.1938232183456421,0.5335986103406786,0.5667406568133755,30.48293381000002,0.030108904466032982
7.74585,0.12812960147857666,26.929902019999986,7.188451939291737,-0.17865882813930511,0.39453957855492594,0.4576711789427392,26.929902019999986,0.01813926361501217
7.846800000000001,0.11815562099218369,27.16403638999998,7.175545299145299,-0.1829328089952469,0.39445738709019923,0.45761586661276793,27.16403638999998,0.01710914447903633
7.850350000000001,0.1124260351061821,27.259740950000037,7.156749565217392,-0.17805486917495728,0.39435508494793287,0.47327822700496297,27.259740950000037,0.009615384973585606
8.06565,0.12098009139299393,29.028566300000023,7.088338374291116,-0.1854134500026703,0.39433950777472576,0.47258831999799583,29.028566300000023,0.009369144216179848
8.1285,0.1228615865111351,29.214848390000043,7.070827915869981,-0.16907216608524323,0.3713813857467451,0.44595099402157556,29.214848390000043,-0.010658307000994682
8.183449999999999,0.12859304249286652,29.095217690000027,7.071873106060607,-0.1790890246629715,0.38382165307366567,0.4629845080910364,29.095217690000027,-0.017971757799386978
8.2929,0.12556731700897217,28.98413204000002,7.076062015503877,-0.1931641697883606,0.3930108706191505,0.47518972359431505,28.98413204000002,-0.014322916977107525
8.1649,0.10746268928050995,28.35008933000006,7.115994230769231,-0.1933644413948059,0.39158572092511384,0.46172390971368293,28.35008933000006,-0.016993464902043343
8.30095,0.10688140243291855,28.14671714000002,7.100115234375,-0.2179289013147354,0.4240482014407901,0.4895687089335841,28.14671714000002,-0.003968254197388887
8.19995,0.09439527988433838,29.466072860000054,7.133025242718447,-0.21946169435977936,0.4344899133152564,0.5151230726465282,29.466072860000054,-0.003994673956185579
8.44585,0.12416555732488632,29.17725016999998,7.1212019607843144,-0.2074074000120163,0.43492030723252756,0.49940738168383253,29.17725016999998,0.01834862306714058
8.555250000000001,0.11398963630199432,29.491708010000025,7.117111545988259,-0.20467835664749146,0.4711713043896328,0.5180694225053045,29.491708010000025,0.02540716528892517
8.6417,0.10414052754640579,29.290044830000056,7.088576000000001,-0.22090516984462738,0.49813273888159937,0.5396690330916638,29.290044830000056,0.03342245891690254
8.52645,0.10379746556282043,29.29858988000001,7.105840236686391,-0.2122514843940735,0.5097339694307028,0.5531567134239547,29.29858988000001,0.018084393814206123
8.57305,0.10723192244768143,30.091570520000005,7.135201183431953,-0.2229437232017517,0.5319836024401317,0.5696955090386798,30.091570520000005,0.03038487583398819
8.71225,0.10514018684625626,29.633555839999985,7.161629770992366,-0.2148626744747162,0.5384495067983212,0.5727841061785921,29.633555839999985,0.024096384644508362
7.7785,0.12790697813034058,26.71798478000005,7.18947,-0.18683446943759918,0.39414024699768424,0.4590665179029305,26.71798478000005,0.00826446246355772
7.8018,0.1259259283542633,27.136692229999994,7.172390034364262,-0.18442822992801666,0.39059418276937674,0.4600917106759328,27.136692229999994,0.000596302910707891
7.83445,0.092261902987957,27.201634610000042,7.136759786476869,-0.18588469922542572,0.39005785322119757,0.4769617400673836,27.201634610000042,0.009074410423636436
8.1751,0.10911808907985687,28.93286174000002,7.081205323193917,-0.17925012111663818,0.393732452420197,0.4648755001985923,28.93286174000002,0.010526316240429878
8.087250000000001,0.1393568217754364,29.102053730000023,7.089934086629002,-0.17447246611118317,0.39471188638144117,0.47577459914588643,29.102053730000023,-0.0024999999441206455
8.248850000000001,0.12424242496490479,28.614985880000006,7.081270833333334,-0.17930327355861664,0.3867686281467487,0.457471844805569,28.614985880000006,-0.013924051076173782
8.099,0.12217194586992264,28.02537743000005,7.1031635338345875,-0.1883016973733902,0.39254796028862143,0.45755900946802414,28.02537743000005,-0.01540436502546072
8.206700000000001,0.11306901276111603,27.27341303000003,7.121168241965973,-0.1914241909980774,0.39605160063081346,0.453561325735237,27.27341303000003,-0.019305018708109856
8.2208,0.10526315867900848,27.321265310000058,7.076319923371648,-0.21548649668693542,0.4352051817017029,0.504547088246983,27.321265310000058,-0.007853402756154537
8.295,0.12081513553857803,28.44921191000003,7.078581888246628,-0.2163265347480774,0.43411934622500886,0.5161930717382076,28.44921191000003,-0.007213114760816097
8.40765,0.11882510036230087,29.16186908000003,7.090548076923078,-0.2141740471124649,0.4339509517965988,0.4989631481117956,29.16186908000003,0.01886792480945587
8.56445,0.10141206532716751,29.48999900000001,7.076565815324166,-0.2098635882139206,0.4853382262647556,0.542388033115734,29.48999900000001,0.027131782844662666
8.69785,0.10353535413742065,29.43360167000003,7.03277263581489,-0.21330517530441284,0.5103143073439945,0.5381258617309531,29.43360167000003,0.018445322290062904
8.6746,0.09898477047681808,29.478035930000033,7.056238476953908,-0.19978858530521393,0.543498399029745,0.571725633639855,29.478035930000033,-0.001985440030694008
8.78485,0.11369509249925613,28.507318250000026,7.0301528925619845,-0.21116377413272858,0.5359337493269374,0.5711463776787203,28.507318250000026,0.011221121996641159
8.81735,0.1153358668088913,28.307364080000013,7.069024439918534,-0.21128259599208832,0.5576766181348688,0.5937909477188458,28.307364080000013,0.025641025975346565
7.782,0.1241283118724823,25.196965879999993,7.210388235294118,-0.17933432757854462,0.3998778473033732,0.45110256118828557,25.196965879999993,0.010778442956507206
7.8843499999999995,0.12857143580913544,25.30463351000003,7.210635593220339,-0.177109032869339,0.39328818430678175,0.4576090195608691,25.30463351000003,-0.0024038462433964014
7.68985,0.1190476194024086,25.361030840000012,7.203459965928451,-0.18437963724136353,0.3939399743321982,0.4758133321554624,25.361030840000012,0.0036231884732842445
7.6205,0.1101190447807312,25.345649750000007,7.19748726655348,-0.18865106999874115,0.37415303498217906,0.4527061691457395,25.345649750000007,0.006097560748457909
7.80385,0.1606367528438568,25.711377889999994,7.197878991596639,-0.18199609220027924,0.3920861391588702,0.45791858432811694,25.711377889999994,-0.009052504785358906
8.0503,0.1495601236820221,27.099094010000044,7.1319066427289055,-0.17793241143226624,0.39272142381504155,0.46707337152478234,27.099094010000044,-0.00730816088616848
8.19805,0.14749263226985931,27.526346510000053,7.072898686679175,-0.18094272911548615,0.39312057005055107,0.45724101762839875,27.526346510000053,-0.004975124262273312
8.37525,0.12408759444952011,28.41332269999998,7.052555555555556,-0.18772751092910767,0.3933454515011883,0.4567375639550535,28.41332269999998,0.018227530643343925
8.39335,0.13742689788341522,27.974107129999993,7.03802766798419,-0.1771956831216812,0.39434041672829556,0.46046185686312174,27.974107129999993,-0.003759398590773344
7.980300000000001,0.1130952388048172,27.20505263000001,7.133465073529412,-0.1787341833114624,0.40461622790898105,0.46853205259493014,27.20505263000001,-0.013116802088916302
8.07165,0.10876133292913437,27.240941840000005,7.109300373134329,-0.19367991387844086,0.40325840023204707,0.4671701943629924,27.240941840000005,-0.005721551366150379
8.15325,0.09433962404727936,27.328101349999997,7.126481203007519,-0.2036942094564438,0.4238006180253552,0.4898174894474869,27.328101349999997,-0.009759271517395973
8.21295,0.09732016921043396,27.336646400000006,7.112650190114069,-0.2014314979314804,0.4386298309971239,0.5029908658315964,27.336646400000006,-0.006443298887461424
8.215250000000001,0.10249307751655579,27.447732050000013,7.15690395480226,-0.2048681527376175,0.4429481990769432,0.5015150826557375,27.447732050000013,-0.012265978381037712
8.3006,0.1288180649280548,28.303946060000044,7.17656261682243,-0.2058669477701187,0.4639741381684546,0.5043948988380759,28.303946060000044,0.02067183516919613
8.5961,0.1301020383834839,28.963623920000032,7.162541108986616,-0.20729166269302368,0.509529749090386,0.5461923418769269,28.963623920000032,0.016795866191387177
8.5691,0.11678832024335861,29.35156919000002,7.143762523191095,-0.2075279802083969,0.5443436531495425,0.5769409477899983,29.35156919000002,0.02380952425301075
8.543750000000001,0.1121833547949791,29.37207731000001,7.134962476547843,-0.21063394844532013,0.5706733189812323,0.6070920481655081,29.37207731000001,-0.002597402548417449
8.8183,0.1221374049782753,27.91258277000003,7.057732394366198,-0.20351240038871765,0.5697739126471405,0.5891050682915823,27.91258277000003,0.01343570090830326
8.8927,0.11483871191740036,27.45115007000004,7.041405857740586,-0.21273209154605865,0.5665929173133378,0.6026649862395677,27.45115007000004,0.01656726375222206
8.923,0.10633213818073273,27.84934940000005,7.084356136820926,-0.2175777107477188,0.5682989016380786,0.610685011620046,27.84934940000005,0.022103147581219673
8.43445,0.04885057359933853,27.05295074000003,7.087059288537549,-0.20775027573108673,0.4522173465671295,0.5173655238334225,27.05295074000003,-0.0006798096583224833
8.440000000000001,0.06213017925620079,26.471887340000023,7.112868725868727,-0.2027748078107834,0.4296793470152853,0.4997734098779784,26.471887340000023,-0.00470746448263526
8.236450000000001,0.06470588594675064,25.43793629000004,7.081833013435701,-0.1997934877872467,0.4094730954008126,0.47057603458785907,25.43793629000004,-0.028533510863780975
8.2646,0.08309455215930939,25.461862429999996,7.092281954887218,-0.19692307710647583,0.3989007032968524,0.45501400567595524,25.461862429999996,0.004450095351785421
8.06405,0.08045977354049683,25.287543410000012,7.121934186471664,-0.18721917271614075,0.3980685551072957,0.452239374816169,25.287543410000012,0.012135921977460384
7.731249999999999,0.11953353136777878,25.21918301000005,7.19403275862069,-0.18771331012248993,0.3984249280303998,0.452239374816169,25.21918301000005,0.010101010091602802
7.843249999999999,0.10263929516077042,25.302924500000017,7.140663685152058,-0.18485742807388306,0.3745819333763723,0.45201408924393743,25.302924500000017,-0.0024183797650039196
7.92145,0.08841463178396225,25.272162320000007,7.09621546961326,-0.1752265840768814,0.3756546048253152,0.45407003211197516,25.272162320000007,0.004860267508774996
7.9794,0.09597523510456085,25.275580340000033,7.093188990825689,-0.18381617963314056,0.3764966100234507,0.4691230388118376,25.275580340000033,0.0012224939418956637
7.9375,0.10046368092298508,25.28241638000003,7.082625228519196,-0.18459229171276093,0.37361626672595377,0.4519483601659179,25.28241638000003,0.007912355475127697
7.8973,0.09696969389915466,25.314887569999996,7.082138489208633,-0.19004975259304047,0.37235422231399556,0.4647869660767527,25.314887569999996,0.004889975767582655
7.873000000000001,0.10210210084915161,25.865188790000047,7.118330373001776,-0.1907343566417694,0.37079737382772693,0.45644210700817817,25.865188790000047,0.007854985073208809
7.6873000000000005,0.12035661190748215,26.33687555000006,7.162603066439523,-0.1735137701034546,0.36975858023246794,0.44914258681500563,26.33687555000006,-0.014836795628070831
7.76665,0.12941177189350128,27.01877053999999,7.170809847198642,-0.18529412150382996,0.3791465571188816,0.4601424483664829,27.01877053999999,-0.014032946899533272
7.8331,0.1387283205986023,26.733365870000057,7.16670618556701,-0.18587543070316315,0.37870115897884354,0.46065825421742396,26.733365870000057,-0.015911873430013657
7.96485,0.1420373022556305,27.375953630000026,7.1328973451327435,-0.17421260476112366,0.39029579149147814,0.47350258087984826,27.375953630000026,-0.016969697549939156
7.9825,0.11824817210435867,28.618403900000033,7.106845871559633,-0.17523714900016785,0.3825450163969693,0.4760632341156281,28.618403900000033,-0.015365703962743282
8.205,0.1189427301287651,28.24925774000002,7.05567043314501,-0.18250377476215363,0.3811469506590248,0.4557685932311372,28.24925774000002,-0.008059516549110413
8.2082,0.1166180744767189,27.136692229999994,7.064041666666667,-0.18962886929512024,0.40671260866249553,0.4843390236793924,27.136692229999994,-0.005678233224898577
8.43525,0.11874105781316757,27.167454410000005,7.046609803921569,-0.1869918704032898,0.40537484037977184,0.4787002775731329,27.167454410000005,0.006828057114034891
8.414,0.11781609058380127,27.235814810000022,7.081270833333334,-0.17641128599643707,0.4233040404397187,0.48859495323975893,27.235814810000022,-0.01490683201700449
8.0653,0.10982658714056015,27.23923282999999,7.110706642066421,-0.19250252842903137,0.4478512398304159,0.5090568170747984,27.23923282999999,0.0
8.132950000000001,0.10198300331830978,27.36911759000003,7.136645756457565,-0.19837646186351776,0.4476199756119544,0.5123729710017281,27.36911759000003,-0.02067183516919613
8.2985,0.0982019379734993,27.34177342999999,7.1358139963167595,-0.19918905198574066,0.46532592588845884,0.5236394586925788,27.34177342999999,-0.015424164943397045
8.3172,0.11564625799655914,27.129856190000055,7.138318518518519,-0.19653767347335815,0.476980684521627,0.5288421326141105,27.129856190000055,-0.007662835065275431
8.4229,0.15075376629829407,27.459695119999992,7.17640579710145,-0.20456905663013458,0.4846482539118745,0.5352057143104368,27.459695119999992,0.02915082313120365
8.7392,0.14801444113254547,27.41184284000002,7.144787313432836,-0.2046169936656952,0.5328982529493776,0.5639120627698585,27.41184284000002,0.01940491609275341
8.70155,0.15265487134456635,27.62888711000005,7.233431578947369,-0.21224701404571533,0.5630199741785686,0.5900349894727845,27.62888711000005,0.038632046431303024
8.74435,0.117903932929039,28.702145390000055,7.249132142857143,-0.21263158321380615,0.5895009938964265,0.6176923432613582,28.702145390000055,0.04652645066380501
8.944700000000001,0.12070874869823456,28.03392248,7.174899047619048,-0.21058201789855957,0.5897934374502994,0.616330800783127,28.03392248,0.037419356405735016
8.96105,0.12833544611930847,27.67161236000004,7.051414078674949,-0.21006564795970917,0.597664624608723,0.614111466700099,27.67161236000004,0.017687074840068817
8.90755,0.11860174685716629,27.933090890000017,7.101016227180528,-0.2150537669658661,0.6078177361930285,0.6081684525062271,27.933090890000017,0.006802720949053764
8.4633,0.10632570832967758,26.95041014000003,7.089803059273423,-0.19224725663661957,0.4644764857520372,0.5298190893977437,26.95041014000003,0.0012953367549926043
8.35045,0.07541899383068085,26.972627270000032,7.107933460076046,-0.19769270718097687,0.4781848845256532,0.5624581941791358,26.972627270000032,-0.022727273404598236
8.23395,0.08272859454154968,26.96237321000001,7.147689591078067,-0.19166666269302368,0.42820880113556037,0.5043517628302326,26.96237321000001,-0.02849569171667099
7.8528,0.08181817829608917,26.465051300000027,7.12434375,-0.2026544213294983,0.41006466034579575,0.4635430278248682,26.465051300000027,-0.014944769442081451
7.944799999999999,0.07854984700679779,25.71479591000002,7.105404452690167,-0.18746891617774963,0.40079261763070007,0.45493960112294324,25.71479591000002,-0.013019219040870667
8.004249999999999,0.06470588594675064,25.43280926,7.109102564102565,-0.18820638954639435,0.39906244782802236,0.46850915065492593,25.43280926,-0.00977995153516531
7.9674,0.10030394792556763,25.164494690000026,7.078809523809524,-0.191754549741745,0.399159479943157,0.4835128069614725,25.164494690000026,-0.01139772031456232
7.61405,0.13054829835891724,25.232855090000044,7.345159651669086,-0.18024927377700806,0.3732229463372249,0.45020262068642786,25.232855090000044,0.017241379246115685
8.05735,0.11976047605276108,25.255072219999988,7.057454044117648,-0.18105575442314148,0.37503965354848756,0.45235926786670067,25.255072219999988,0.004199160262942314
7.9357500000000005,0.08580343425273895,25.29096143000004,7.028546992481203,-0.18697582185268402,0.3515996752017071,0.43885281210981353,25.29096143000004,-0.003043213626369834
7.98495,0.09567901492118835,25.260199250000028,7.0551367041198505,-0.197029709815979,0.37341940475923807,0.45285158617386756,25.260199250000028,0.00976801011711359
8.00815,0.10906297713518143,25.27899836000006,7.052727954971858,-0.19681115448474884,0.3714618979195422,0.45681050257477074,25.27899836000006,0.006165228318423033
7.990749999999999,0.0746268630027771,26.79147221000005,7.039428571428572,-0.19113300740718842,0.3703992862821583,0.44922381399846467,26.79147221000005,-0.005511329043656588
7.88575,0.11175616830587387,28.27660190000006,7.1007112299465245,-0.16221563518047333,0.36969414068277706,0.4516683144577497,28.27660190000006,-0.016806723549962044
8.10565,0.14202049374580383,28.360343390000025,7.084394973070019,-0.18078257143497467,0.38094815606533705,0.47593079924333465,28.360343390000025,-0.01285976730287075
8.04355,0.1403762698173523,27.857894450000003,7.1103566308243735,-0.187992125749588,0.38094815606533705,0.47488709135025725,27.857894450000003,-0.012891344726085663
7.9947,0.15273775160312653,28.090319809999983,7.114861510791368,-0.1841975301504135,0.3820231505455973,0.4635595093547464,28.090319809999983,-0.011635027825832367
8.03805,0.12660028040409088,28.657711130000052,7.084767527675277,-0.18105575442314148,0.4035063871584471,0.47924385365622285,28.657711130000052,-0.02091020904481411
8.1059,0.11849711090326309,27.63572314999999,7.068015122873346,-0.18768619000911713,0.40418330481973513,0.48331504666818403,27.63572314999999,-0.01112484559416771
8.1265,0.10334789007902145,27.030733610000027,7.091569832402235,-0.1897846758365631,0.42388595609367125,0.4992361771117108,27.030733610000027,-0.006218905560672283
8.22115,0.10955056548118591,27.076876879999986,7.08440340909091,-0.19223107397556305,0.4230312309512253,0.4914001096250314,27.076876879999986,-0.0105918999761343
8.175550000000001,0.11954993009567261,27.15720035000004,7.1217640653357535,-0.18759380280971527,0.4381369051679326,0.49940840078066095,27.15720035000004,-0.0024691359139978886
8.176449999999999,0.11854951083660126,27.181126489999997,7.138516129032259,-0.19639278948307037,0.4565386551849857,0.5198590607724461,27.181126489999997,0.004345127381384373
8.0653,0.10439560562372208,27.319556300000045,7.202420035149386,-0.21168631315231323,0.4668210573287918,0.5154024912172772,27.319556300000045,-0.005886200349777937
8.19525,0.09960159659385681,27.288794120000034,7.196881932021467,-0.20447608828544617,0.48151341750363935,0.5319897226404471,27.288794120000034,-0.010989011265337467
8.288350000000001,0.10372340679168701,27.33835541000002,7.2110070671378095,-0.20679011940956116,0.4846482539118745,0.5354942349111433,27.33835541000002,0.017208412289619446
8.57165,0.09552599489688873,28.199696450000033,7.24413982300885,-0.20831114053726196,0.6092298576636018,0.6126310145282428,28.199696450000033,0.025573769584298134
8.069749999999999,0.10917030274868011,26.890594790000023,7.136228102189781,-0.17898023128509521,0.42580231444107125,0.5039255158009099,26.890594790000023,-0.004455760587006807
7.930149999999999,0.08675798773765564,26.832488450000028,7.152046762589928,-0.17206478118896484,0.4275874233927673,0.5065293412654605,26.832488450000028,-0.013003095984458923
7.92855,0.08066970854997635,26.856414589999986,7.132710431654677,-0.17664670944213867,0.42209565013404754,0.47484480125082684,26.856414589999986,-0.01663585938513279
7.86835,0.06686930358409882,26.72140280000002,7.107456678700362,-0.1776251196861267,0.39941660868293344,0.48377035994813516,26.72140280000002,-0.024449877440929413
7.8458000000000006,0.12696148455142975,25.66694362999999,7.15676910016978,-0.17464925348758698,0.3990175386350815,0.4814371917395046,25.66694362999999,0.0011709601385518909
7.35635,0.1493975967168808,26.14204841000003,7.43308366013072,-0.1566380113363266,0.3751563196926121,0.45205832297494636,26.14204841000003,0.016155987977981567
7.8995500000000005,0.11380880326032639,25.20892895000003,7.075320072332731,-0.18741059303283691,0.37593048407948154,0.4527061691457395,25.20892895000003,-0.0017636683769524097
7.890599999999999,0.11821085959672928,25.267035290000024,7.0400873605947965,-0.18468250334262848,0.35243482882451393,0.4380948625206775,25.267035290000024,-0.010817307978868484
7.9215,0.11075949668884277,26.044634840000015,7.044498134328359,-0.19665683805942535,0.3724726963287315,0.45027856579787967,26.044634840000015,-0.002453987719491124
8.056750000000001,0.10122699290513992,26.05147088000001,7.044768361581921,-0.19407407939434052,0.3714335030335983,0.4640100045047511,26.05147088000001,-0.011779293417930603
7.9808,0.09863429516553879,28.016832379999983,7.065177655677656,-0.19666503369808197,0.3708476457732929,0.4483532252116459,28.016832379999983,-0.013613861054182053
7.9251,0.11859443783760071,28.73290757000001,7.091842576028623,-0.17577548325061798,0.36375919767564097,0.44589720638644637,28.73290757000001,-0.01762918010354042
7.967450000000001,0.1350574642419815,28.79443193000003,7.0985000000000005,-0.1845621019601822,0.3800744217624349,0.47280252703264436,28.79443193000003,-0.012285011820495129
8.1469,0.1428571492433548,28.73803459999999,7.102238698010851,-0.1892697513103485,0.3800744217624349,0.4719349994601074,28.73803459999999,-0.006785934790968895
8.12575,0.14406779408454895,28.27147487000002,7.103043956043956,-0.19641076028347015,0.39069413649793394,0.46501925640330893,28.27147487000002,0.006165228318423033
8.1209,0.14080460369586945,26.905975880000028,7.093149722735675,-0.1946508139371872,0.40301343354260816,0.48010478717672206,26.905975880000028,-0.0018484288593754172
8.155750000000001,0.14985591173171997,26.97946331000003,7.085261770244822,-0.18883906304836273,0.40366524794079295,0.4753717777721141,26.97946331000003,-0.006180469878017902
8.3712,0.13107511401176453,27.210179659999994,7.059309477756287,-0.19452887773513794,0.42155485018996774,0.4877656381177693,27.210179659999994,0.011808576993644238
8.1703,0.1111111119389534,27.179417479999984,7.131124770642202,-0.19644619524478912,0.4405585730164214,0.5179837770395241,27.179417479999984,-0.011808576993644238
8.178700000000001,0.12066574394702911,27.228978770000026,7.140449275362319,-0.20549288392066956,0.4570493248216581,0.5215845797332667,27.228978770000026,-0.002475247485563159
8.264700000000001,0.1268758475780487,27.321265310000058,7.158848648648649,-0.20140987634658813,0.4745383871098418,0.5273576634699305,27.321265310000058,0.009987515397369862
8.19995,0.11999999731779099,27.386207689999992,7.193120720720721,-0.1976558268070221,0.4834525060365025,0.5351819326746089,27.386207689999992,0.015042511746287346
8.21765,0.11847133934497833,27.545145620000028,7.267275510204082,-0.2008524239063263,0.4952755609601643,0.5371655960686921,27.545145620000028,0.02660609968006611
9.0668,0.15364806354045868,28.38768755000001,7.469468571428572,-0.16774514317512512,0.65990378766055,0.6569720937567268,28.38768755000001,0.040734365582466125
7.863949999999999,0.08383233845233917,26.832488450000028,7.167661921708185,-0.15683308243751526,0.39517872775153845,0.464559986919609,26.832488450000028,-0.0023980815894901752
7.8583,0.08181817829608917,27.249486890000014,7.119799289520427,-0.16658428311347961,0.39985682354892776,0.46151705091664724,27.249486890000014,0.006482027005404234
7.695499999999999,0.09375,28.18089734,7.109324607329843,-0.17524799704551697,0.3993590796430986,0.4582505095489959,28.18089734,-0.02344665862619877
7.8893,0.0762052908539772,27.97239811999998,7.049363802559416,-0.1796322464942932,0.39379456954610703,0.47260724019186184,27.97239811999998,-0.02715466357767582
7.929449999999999,0.08749999850988388,26.000200580000012,7.066808394160584,-0.19427207112312317,0.3770427044465806,0.45182797589220025,26.000200580000012,-0.004761904943734407
7.96185,0.08837209641933441,26.036089790000005,7.046621771217713,-0.18606869876384735,0.3754786445553476,0.46795183706729143,26.036089790000005,-0.010065127164125443
7.9024,0.07480916380882263,25.69599679999999,7.083297794117648,-0.1954459249973297,0.3718741121712419,0.44973277359691255,25.69599679999999,-0.015568862669169903
8.01245,0.09253731369972229,25.54902193999999,7.078014678899083,-0.19345524907112122,0.3696560033117202,0.44836527210445243,25.54902193999999,-0.015757575631141663
7.9949,0.10029498487710953,27.413551850000033,7.114089766606822,-0.21142856776714325,0.3700305436264837,0.43859910403299796,27.413551850000033,-0.01284403633326292
7.83535,0.1343705803155899,28.37572448000003,7.172390034364262,-0.19941917061805725,0.38998349525540577,0.4597038008650011,28.37572448000003,0.000604229629971087
7.82955,0.13323983550071716,28.404777650000028,7.189062818336163,-0.20176297426223755,0.42427939537160747,0.5050183130125239,28.404777650000028,0.005491153337061405
7.9628000000000005,0.14206896722316742,27.65964929000006,7.14748606271777,-0.19526627659797668,0.4435652066593843,0.5099221697924552,27.65964929000006,-0.0024570024106651545
8.0996,0.13746631145477295,27.181126489999997,7.146888297872341,-0.18873517215251923,0.4381643395727561,0.5112640702392774,27.181126489999997,-0.011706716381013393
7.99845,0.13008129596710205,26.87692271000003,7.149820921985816,-0.18913580477237701,0.4333396631190182,0.5116884713720948,26.87692271000003,-0.007980355992913246
8.11325,0.1460055112838745,26.964082220000023,7.147534513274337,-0.1862407922744751,0.4510101437455246,0.5119680116142035,26.964082220000023,-0.000604229629971087
8.07215,0.13484646379947662,27.211888670000008,7.158802083333334,-0.18493150174617767,0.46143672233749106,0.5123260580430944,27.211888670000008,0.0005998800043016672
8.292300000000001,0.12694300711154938,27.223851739999986,7.153084990958409,-0.17916665971279144,0.46659457270007365,0.5253540249309111,27.223851739999986,0.010671688243746758
7.99335,0.11949685215950012,27.288794120000034,7.248676616915423,-0.17348523437976837,0.4720690844603562,0.5277675819845706,27.288794120000034,0.008079552091658115
7.411800000000001,0.13296903669834137,27.401588779999997,7.547212895377129,-0.146292582154274,0.4884576713313937,0.5540916184560599,27.401588779999997,0.046446558088064194
7.8403,0.13093525171279907,26.916229939999994,7.296771293375395,-0.15077820420265198,0.4267080044200578,0.5048341789654849,26.916229939999994,-0.001721170381642878
7.6472,0.10315186530351639,27.461404130000005,7.226733001658375,-0.17770366370677948,0.4171653327567301,0.5070312946595057,27.461404130000005,-0.019492026418447495
7.6263,0.09062980115413666,27.94676297000001,7.194030354131535,-0.184689000248909,0.4057636885465623,0.46847500078084997,27.94676297000001,-0.01007706020027399
7.660150000000001,0.10559006035327911,27.483621260000007,7.117916521739131,-0.16556291282176971,0.3775191299751166,0.45941358190825726,27.483621260000007,-0.024985473603010178
7.816599999999999,0.08892355859279633,27.034151629999997,7.077750896057348,-0.17547965049743652,0.39218240684387606,0.47262506617971406,27.034151629999997,-0.0045610032975673676
7.8743,0.08864697068929672,26.646206360000008,7.065776978417267,-0.17939110100269318,0.3761492383222997,0.45219606385626726,26.646206360000008,0.003979533910751343
7.820449999999999,0.09256449341773987,25.95576632000001,7.0903921568627455,-0.18913768231868744,0.3754002685999766,0.4522166850421303,25.95576632000001,0.0005871990579180419
7.873150000000001,0.08845577389001846,25.267035290000024,7.106579040852576,-0.18626528978347778,0.37348944860153815,0.4516380113168937,25.267035290000024,-0.008746355772018433
7.832000000000001,0.1032448410987854,25.21918301000005,7.126546086956522,-0.19323670864105225,0.3907021115294678,0.4738926379614943,25.21918301000005,-0.012734990566968918
7.8495,0.10274963825941086,26.91452092999998,7.152496563573884,-0.20478469133377075,0.39259086483106054,0.4554555653511708,26.91452092999998,-0.007883565500378609
7.81725,0.14000000059604645,27.570780770000056,7.1725388513513515,-0.1909671127796173,0.41644438793059535,0.4976127566782146,27.570780770000056,0.005431502591818571
7.92905,0.13758864998817444,27.350318480000055,7.1800553633218,-0.19127848744392395,0.44009833265365683,0.5343090460578901,27.350318480000055,0.004878048785030842
8.0143,0.1312849223613739,27.38449867999998,7.178046793760832,-0.1854436695575714,0.4326764557986647,0.5116300430884109,27.38449867999998,0.0024420025292783976
8.0578,0.1428571492433548,27.093966980000005,7.184645833333334,-0.18294496834278107,0.45348147669044353,0.523327273358259,27.093966980000005,-0.00365408044308424
8.0912,0.14663143455982208,27.049532720000002,7.194580034423408,-0.19203980267047882,0.4594193386054307,0.525052097330376,27.049532720000002,0.010359536856412888
8.0446,0.15649867057800293,27.27341303000003,7.2095067114093965,-0.16962525248527527,0.5099420334959824,0.5588235186336288,27.27341303000003,0.005316006951034069
8.8832,0.16142557561397552,27.276831050000055,7.279741883116884,-0.13683126866817474,0.5204838088428178,0.5631797494860581,27.276831050000055,0.010029498487710953
8.7225,0.1443406045436859,27.490457300000003,7.343796610169492,-0.1330561339855194,0.523690901820661,0.562778319221616,27.490457300000003,0.010089021176099777
7.8102,0.1807228922843933,27.008516480000026,7.522639766081872,-0.1459510326385498,0.4316801380287,0.4775079865273612,27.008516480000026,0.02838778868317604
7.6932,0.17819148302078247,26.929902019999986,7.259094801223242,-0.16353383660316467,0.43125540684316044,0.5106341305480294,26.929902019999986,0.009460211731493473
7.72785,0.13561847805976868,27.569071760000043,7.170028006589787,-0.1734597086906433,0.39590866352023746,0.48010378051578545,27.569071760000043,-0.022274326533079147
7.5511,0.1059190034866333,28.201405460000046,7.160525000000001,-0.1982840746641159,0.4025406276678659,0.477590148157064,28.201405460000046,-0.010210210457444191
7.63355,0.11656441539525986,26.839324490000024,7.156181512605043,-0.17929759621620178,0.3763406510258012,0.45702599685379197,26.839324490000024,-0.010238908231258392
7.71305,0.09062980115413666,26.383018820000018,7.116354058721935,-0.1771269142627716,0.39492324921665284,0.45388383033650576,26.383018820000018,-0.0051107327453792095
7.861700000000001,0.1001540794968605,26.507776550000017,7.087522123893805,-0.17652581632137299,0.3749616358690789,0.45165556447004446,26.507776550000017,0.0022753127850592136
7.775250000000001,0.10843373835086823,26.25313405999998,7.118670731707318,-0.19203414022922516,0.37382597813341845,0.4509272345938581,26.25313405999998,0.0005865102866664529
7.736400000000001,0.12320917099714279,25.713086900000008,7.193390284757119,-0.20243674516677856,0.38423444030908843,0.47280252703264436,25.713086900000008,0.0005871990579180419
7.5979,0.11532846838235855,25.448190350000004,7.191074626865672,-0.1867816150188446,0.3897084816746616,0.45505183681340483,25.448190350000004,0.0005885814898647368
7.76225,0.10102488845586777,26.59493606000001,7.193289036544851,-0.1885167509317398,0.4061070595540862,0.4797389402819007,26.59493606000001,-0.005931198131293058
7.756200000000001,0.11891891807317734,27.11789312000002,7.2269660194174765,-0.17391304671764374,0.42432457640776056,0.5044902115551655,27.11789312000002,0.012702078558504581
7.941000000000001,0.15613825619220734,27.082003910000026,7.305890092879258,-0.17077986896038055,0.4544959766382969,0.5133996557064763,27.082003910000026,0.024956470355391502
7.69385,0.13223139941692352,27.15720035000004,7.284313291139241,-0.15484514832496643,0.46179602531939123,0.5313299652272145,27.15720035000004,0.015706805512309074
7.84515,0.1409395933151245,27.34690046000003,7.233159539473685,-0.17488789558410645,0.46080537158858376,0.5176354954781547,27.34690046000003,0.008383233100175858
8.0226,0.18721461296081543,27.14865530000003,7.36469424964937,-0.16618357598781586,0.4439164524408836,0.5227009924646716,27.14865530000003,0.023203169927001
7.58955,0.1675126850605011,26.86666865000001,7.37091678224688,-0.16540642082691193,0.4090901035152485,0.47684074682233,26.86666865000001,0.021606648340821266
7.40395,0.11306901276111603,26.658169430000044,7.253402476780186,-0.16424894332885742,0.4328254721507185,0.5157866043719611,26.658169430000044,-0.009039548225700855
7.59745,0.10132158547639847,27.857894450000003,7.163789473684211,-0.1771913319826126,0.4232739338949725,0.5054283243414471,27.857894450000003,-0.01807580143213272
7.624650000000001,0.08675798773765564,28.360343390000025,7.172611390284757,-0.1895734667778015,0.39744487736608164,0.47580237754898946,28.360343390000025,-0.018463371321558952
7.593450000000001,0.10075187683105469,26.654751410000017,7.200157807308971,-0.16563834249973297,0.3904836548074946,0.4691409765257478,26.654751410000017,-0.008605851791799068
7.78855,0.10162002593278885,26.683804580000015,7.156347150259068,-0.1753554493188858,0.37867151794705817,0.4514865565847285,26.683804580000015,-0.0005750431446358562
7.80645,0.103554867208004,26.964082220000023,7.1014222614841,-0.17862166464328766,0.3921835038453274,0.45433760863700495,26.964082220000023,-0.0074755605310201645
7.8428,0.08689248561859131,26.70431270000006,7.086769503546099,-0.18386492133140564,0.39124175532992284,0.4741098151258222,26.70431270000006,0.00514579750597477
7.74115,0.10853835195302963,26.654751410000017,7.198122112211221,-0.17153628170490265,0.4283973790766734,0.47157446852087126,26.654751410000017,-0.009764502756297588
7.692850000000001,0.08849557489156723,27.847640390000038,7.167879194630872,-0.1818181872367859,0.43618963003385286,0.5003846955423135,27.847640390000038,-0.01886792480945587
7.63455,0.08955223858356476,27.290503130000047,7.200674958540631,-0.17733268439769745,0.4304746905962496,0.5064691723926857,27.290503130000047,-0.0053731342777609825
7.6153,0.09756097197532654,26.982881330000055,7.1859177852349,-0.18471337854862213,0.4214605704402678,0.4840436765356765,26.982881330000055,0.0035928143188357353
7.7014,0.08892355859279633,26.79489023000002,7.143963350785341,-0.18655626475811005,0.42432164165213826,0.488429904491545,26.79489023000002,-0.004209260456264019
7.84815,0.10334346443414688,27.030733610000027,7.117427816901409,-0.17958411574363708,0.4230312309512253,0.49736853200914116,27.030733610000027,-0.01698886975646019
8.147300000000001,0.08797653764486313,26.740201909999996,7.09476130198915,-0.18217433989048004,0.4211845648276678,0.5063577467305836,26.740201909999996,-0.004813477862626314
8.12845,0.1124260351061821,26.559046850000016,7.149381282495668,-0.16968214511871338,0.5177479028202826,0.5417239484068007,26.559046850000016,-0.0023612750228494406
7.931450000000001,0.09118086844682693,26.68722260000004,7.10672513562387,-0.17034855484962463,0.4745383871098418,0.527810590177749,26.68722260000004,-0.012582384981215
7.9931,0.09696092456579208,26.743619930000023,7.1125044563279864,-0.1689453125,0.4630071372495009,0.5152344987924607,26.743619930000023,-0.010688835754990578
8.07715,0.0760059580206871,26.70773072000003,7.112131868131868,-0.1655827909708023,0.4327168100709749,0.4861173703324534,26.70773072000003,-0.023312883451581
8.10195,0.0771513357758522,26.982881330000055,7.064555970149254,-0.169366717338562,0.43923788937039654,0.5111351479856054,26.982881330000055,-0.021122511476278305
8.20835,0.09272468090057373,27.15720035000004,7.065977528089888,-0.16641975939273834,0.4570493248216581,0.5233757355702627,27.15720035000004,-0.016867469996213913
7.9123,0.12550607323646545,27.492166310000016,7.252360465116279,-0.1701081544160843,0.46499307472544854,0.5281930097735212,27.492166310000016,0.0017740981420502067
7.8163,0.10782865434885025,26.796599239999978,7.165649572649573,-0.15700842440128326,0.5150208796095088,0.5689577092766437,26.796599239999978,0.0005871990579180419
7.894349999999999,0.1137370765209198,26.916229939999994,7.1346167557932265,-0.17027558386325836,0.47634945007112117,0.5240221585650287,26.916229939999994,0.007067137863487005
8.16,0.08961593359708786,26.882049740000014,7.085554327808472,-0.1719367653131485,0.4536517802199499,0.514981350912531,26.882049740000014,-0.01146650593727827
8.1603,0.08479531854391098,26.946992120000004,7.085409683426444,-0.1674162894487381,0.49607549950656143,0.5662048292832975,26.946992120000004,-0.006038647145032883
7.98765,0.09219858050346375,27.04098767000005,7.13663471971067,-0.16898608207702637,0.5036812337095223,0.5752178987029744,27.04098767000005,-0.010882708244025707
8.15595,0.12483221292495728,27.393043730000045,7.174804920913885,-0.1661691516637802,0.5035352814540285,0.5568984376147138,27.393043730000045,0.003567181993275881
8.46055,0.11080332100391388,26.87692271000003,7.0860639097744365,-0.1873786449432373,0.5048669633204921,0.5587005755775764,26.87692271000003,-0.0054054055362939835
8.336500000000001,0.11608391255140305,26.916229939999994,7.067782857142857,-0.186374694108963,0.5243119302613867,0.5793274743461378,26.916229939999994,-0.000598444021306932
7.946700000000001,0.1309041827917099,26.97946331000003,7.182064459930314,-0.19221411645412445,0.524026978125375,0.5789011848138744,26.97946331000003,0.005988024175167084
7.88025,0.1312336027622223,27.220433720000017,7.291107491856678,-0.16106371581554413,0.525168649101683,0.5619476501157538,27.220433720000017,0.01065088715404272
8.12805,0.11052631586790085,26.217244850000043,7.202058614564832,-0.16479016840457916,0.5667103098216405,0.5996392607942496,26.217244850000043,0.0036630036775022745
8.53275,0.11977715790271759,26.92819301000003,7.0357001972386595,-0.1845325529575348,0.529360771962959,0.5655293359098496,26.92819301000003,-0.009085402823984623
8.50025,0.08767123520374298,26.929902019999986,7.0560059288537555,-0.19049975275993347,0.5480669362969516,0.587482450720301,26.929902019999986,-0.004914004821330309
,,,,,0.4959422891146423,0.5481024325056121,,
,,,,,0.48724154720035034,0.5481024325056121,,
,,,,,0.4577183416324923,0.5213969434996568,,
,,,,,0.4565386551849858,0.5200531369442453,,
,,,,,0.5858239380692296,0.6017458774594513,,
,,,,,0.5060687923041116,0.540776813174456,,
,,,,,0.5333233148469964,0.5687354240365022,,
,,,,,0.4858210179082211,0.5481024325056121,,
,,,,,0.5183408312143944,0.5534332917806667,,
,,,,,0.4537514839079103,0.5260084763783368,,
,,,,,0.4482000496108308,0.5070878232808155,,
,,,,,0.4447256306215996,0.5017669737067951,,
,,,,,0.4451167903753541,0.510938622916237,,
,,,,,0.45384917857123036,0.5234236681406053,,
,,,,,0.4679857896070283,0.5389325175669937,,
,,,,,0.5779896435835558,0.5931519475060734,,
,,,,,0.5093305843676145,0.5430479943700856,,
,,,,,0.5565826197471277,0.5778645261785973,,
,,,,,0.47054009207100095,0.5185512354999618,,
,,,,,0.4579158456983643,0.5100944407957634,,
,,,,,0.4494421994049083,0.5100944407957634,,
,,,,,0.4886654494387441,0.5312283158117864,,
,,,,,0.43256898220213563,0.5112304292810006,,
,,,,,0.43624804828787533,0.5161429629822585,,
,,,,,0.42610274483932015,0.5022514748225584,,
,,,,,0.45482877258129667,0.5142641501210694,,
,,,,,0.461668302996053,0.526299622361158,,
,,,,,0.46550391578529515,0.526299622361158,,
,,,,,0.464801798265257,0.526299622361158,,
,,,,,0.45123006617120687,0.516943184630293,,
,,,,,0.5955836622700955,0.6158625528404642,,
,,,,,0.5288751237195277,0.5639852743326979,,
,,,,,0.4625722056940385,0.523610271943864,,
,,,,,0.4458123431688921,0.5100944407957634,,
,,,,,0.48603601322924334,0.533066476074111,,
,,,,,0.4643976930676695,0.5331727281123957,,
,,,,,0.4346286101787163,0.4975569632255556,,
,,,,,0.4176032896499735,0.48588147598684805,,
,,,,,0.41818445922093556,0.48156846005011156,,
,,,,,0.42692905914734725,0.5027525874051477,,
,,,,,0.42929805566866114,0.5047798155801685,,
,,,,,0.43331307439729105,0.5068070437551893,,
,,,,,0.44946053649994727,0.5149159564552722,,
,,,,,0.44673233562253983,0.5073963542711838,,
,,,,,0.44673233562253983,0.5073963542711838,,
,,,,,0.5530754633298286,0.5752944821004852,,
,,,,,0.49134205042330314,0.5405941800055353,,
,,,,,0.4845178552785351,0.5330859275054584,,
,,,,,0.5049904407128394,0.5412908219900784,,
,,,,,0.4572531131743207,0.5249700707568203,,
,,,,,0.4268886486275885,0.4886963597708539,,
,,,,,0.4163750446804148,0.48445241282218093,,
,,,,,0.41818445922093556,0.48156846005011156,,
,,,,,0.3980622533634522,0.4786679064004235,,
,,,,,0.4057337352880476,0.4871399047437938,,
,,,,,0.4057337352880476,0.48424886673344486,,
,,,,,0.439950362816495,0.49606099182456354,,
,,,,,0.446295800741733,0.5032711806592229,,
,,,,,0.446295800741733,0.5032711806592229,,
,,,,,0.4337828343657965,0.49748645444474904,,
,,,,,0.49330374566369517,0.5305831766720994,,
,,,,,0.49330374566369517,0.5305831766720994,,
,,,,,0.4572531131743207,0.5249700707568203,,
,,,,,0.4465362433342976,0.5126660847234574,,
,,,,,0.4384834541324722,0.5101755497861905,,
,,,,,0.4696899744701501,0.5186621792816264,,
,,,,,0.45018312866268895,0.5140060074448936,,
,,,,,0.4625410969004883,0.5281159762767142,,
,,,,,0.4625410969004883,0.5281159762767142,,
,,,,,0.44414394056457895,0.5001603940010229,,
,,,,,0.464801798265257,0.5095028259028233,,
,,,,,0.464801798265257,0.5095028259028233,,
,,,,,0.4545185726399195,0.4837703599481351,,
,,,,,0.42610274483932015,0.4939268647426264,,
,,,,,0.42610274483932015,0.507958877945542,,
,,,,,0.5127001564180594,0.5302736375065298,,
,,,,,0.5000185271073655,0.5180694225053046,,
,,,,,0.4855252364665722,0.5102522436948488,,
,,,,,0.47077974239235454,0.5072599544287865,,
,,,,,0.45547940076460297,0.4912129808704142,,
,,,,,0.44135600849283235,0.48865692924054066,,
,,,,,0.454472869414918,0.49554466500507394,,
,,,,,0.46753958663522643,0.5025836517238961,,
,,,,,0.46607194496843096,0.5090105526410814,,
,,,,,0.46607194496843096,0.5090105526410814,,
,,,,,0.47168775083214975,0.5089297957709178,,
,,,,,0.49046831241359773,0.5179567987178034,,
,,,,,0.49046831241359773,0.5179567987178034,,
,,,,,0.47135259384880546,0.501687780686955,,
,,,,,0.459920423001171,0.5244351148423263,,
,,,,,0.4666839586335411,0.5264253809328094,,
,,,,,0.4480648891467188,0.5119224793370173,,
,,,,,0.4692474400188291,0.539642429688624,,
,,,,,0.488364667205093,0.5147947634665483,,
,,,,,0.4852101649309028,0.5117920310708141,,
,,,,,0.4778584957652831,0.5181959660867665,,
,,,,,0.450470145453488,0.5071824563801931,,
,,,,,0.43588238167584914,0.4907581540362749,,
,,,,,0.43588238167584914,0.5047798155801685,,
,,,,,0.4561904182245091,0.509306366162749,,
,,,,,0.46824477454870345,0.5025836517238961,,
,,,,,0.46933880439577974,0.5090105526410814,,
,,,,,0.46499307472544854,0.5090105526410814,,
,,,,,0.474911129539431,0.5089297957709178,,
,,,,,0.48938798573427256,0.5179567987178034,,
,,,,,0.48938798573427256,0.5179567987178034,,
,,,,,0.4611501567525109,0.501687780686955,,
,,,,,0.4499221529359281,0.5187960275859572,,
,,,,,0.4565386551849858,0.5208251109228861,,
,,,,,0.49542898507111427,0.5413860660114027,,
,,,,,0.4825606997445918,0.5427996066537302,,
,,,,,0.4832729007588814,0.5293318012554199,,
,,,,,0.4671558332125436,0.5261682117188706,,
,,,,,0.4663566907803618,0.5242637308178679,,
,,,,,0.4479618944630542,0.5078394284739498,,
,,,,,0.43347412297330473,0.5025836517238961,,
,,,,,0.4706761815162429,0.512438233130247,,
,,,,,0.48357739102737674,0.5264862534329173,,
,,,,,0.49739620020154096,0.5447944090092346,,
,,,,,0.49165701327613864,0.5283733009362612,,
,,,,,0.5033310903423278,0.5395900168652277,,
,,,,,0.5130426800863925,0.546929268052475,,
,,,,,0.507265172427762,0.5497927720736921,,
,,,,,0.4789279033928041,0.5284325799154237,,
,,,,,0.4845032736649778,0.5393874965680228,,
,,,,,0.4828774237533504,0.5362095898051087,,
,,,,,0.5061624220529191,0.5510561866617337,,
,,,,,0.4971198689792068,0.5446521650382138,,
,,,,,0.4937381011630217,0.5395383319977118,,
,,,,,0.4923456085328278,0.5340145797883625,,
,,,,,0.46345590753627347,0.5139297373431,,
,,,,,0.4457433094102074,0.5102237204546625,,
,,,,,0.4876662907657804,0.5293318012554199,,
,,,,,0.49466942322526686,0.5434696809630115,,
,,,,,0.49810462755322005,0.5472437759696991,,
,,,,,0.5001128435323597,0.5526672184086151,,
,,,,,0.5094146011244898,0.5605285903932393,,
,,,,,0.5115823228314026,0.5605285903932393,,
,,,,,0.5367046690418732,0.5605285903932393,,
,,,,,0.515335300170931,0.5506247360798566,,
,,,,,0.5174104758763173,0.5482730746078865,,
,,,,,0.5232240767288602,0.5468920341176904,,
,,,,,0.5300636071436164,0.5430969308388942,,
,,,,,0.5391114164366798,0.5522449166435854,,
,,,,,0.5258236543458509,0.5799042135275723,,
,,,,,0.5385121751854355,0.5885501153286069,,
,,,,,0.49637965370613624,0.54195245683972,,
,,,,,0.48074150328121235,0.527599127601556,,
,,,,,0.4788983700222622,0.5302996619292579,,
,,,,,0.4805670054578798,0.5434696809630115,,
,,,,,0.4839042763291151,0.5472437759696991,,
,,,,,0.48984140411136934,0.5526672184086151,,
,,,,,0.4988458334663054,0.5605285903932393,,
,,,,,0.500924357772415,0.5605285903932393,,
,,,,,0.5204408911921194,0.5605285903932393,,
,,,,,0.5274404917856844,0.5520576726619025,,
,,,,,0.5500862584119238,0.5589221076885059,,
,,,,,0.5642612592173982,0.5710850102802377,,
,,,,,0.5642612592173982,0.5710850102802377,,
,,,,,0.5732323921605204,0.5758503221798092,,
,,,,,0.538159514952832,0.5885501153286069,,
,,,,,0.538159514952832,0.5885501153286069,,
,,,,,0.5152915200927582,0.5582330526068188,,
,,,,,0.517474958737219,0.5582330526068188,,
,,,,,0.49804216929271183,0.5434696809630115,,
,,,,,0.4646189853652511,0.525014052833794,,
,,,,,0.49610533863435125,0.5481202245731478,,
,,,,,0.4966529303267628,0.5373138755152104,,
,,,,,0.5050786846155735,0.5436198936995961,,
,,,,,0.5083584163338564,0.5471498930093337,,
,,,,,0.5105591021188514,0.5471498930093337,,
,,,,,0.5040134726045071,0.5480587798747977,,
,,,,,0.5105168722510169,0.5569809410869531,,
,,,,,0.5153944219858992,0.5623024150463826,,
,,,,,0.5243578032378279,0.5623024150463826,,
,,,,,0.5220509285747597,0.5538676978181711,,
,,,,,0.5453644879534523,0.5589221076885059,,
,,,,,0.5604827239994246,0.5710850102802377,,
,,,,,0.5604827239994246,0.5710850102802377,,
,,,,,0.5732323921605204,0.5758503221798092,,
,,,,,0.538159514952832,0.5885501153286069,,
,,,,,0.538159514952832,0.5885501153286069,,
,,,,,0.5666259904778193,0.596960219807795,,
,,,,,0.507265172427762,0.5692273463193877,,
,,,,,0.4858314327477158,0.5451754866157515,,
,,,,,0.5389692457044971,0.5636452168866123,,
,,,,,0.5190870302597649,0.557240525182535,,
,,,,,0.5308589013778906,0.5588182678159843,,
,,,,,0.5176064152133065,0.5595048905934155,,
,,,,,0.4702770869382377,0.5233272733582589,,
,,,,,0.4685157495339746,0.5271925784760684,,
,,,,,0.4599972813606297,0.5271925784760684,,
,,,,,0.4947541479956872,0.5443483062555736,,
,,,,,0.5037907534385307,0.5472437759696991,,
,,,,,0.5167467644357576,0.5455996816722531,,
,,,,,0.5395789394213574,0.5537336218806698,,
,,,,,0.5347819152717208,0.5491945419601687,,
,,,,,0.5384031015388412,0.5623024150463826,,
,,,,,0.5000185271073654,0.5545354740894158,,
,,,,,0.5104355797554355,0.5492034022231714,,
,,,,,0.50613288409645,0.5259698971509078,,
,,,,,0.5112281815873538,0.5375045844927099,,
,,,,,0.5112281815873538,0.5142098432707144,,
,,,,,0.5110005566135335,0.547454512239108,,
,,,,,0.5054535110976628,0.5163245469243007,,
,,,,,0.53262843104915,0.581345077162441,,
,,,,,0.5515678075742915,0.5555752687203113,,
,,,,,0.5715340630520939,0.5582083268659052,,
,,,,,0.5715340630520939,0.5582083268659052,,
,,,,,0.5655321179093293,0.5683127529487803,,
,,,,,0.5750296038589517,0.5710850102802377,,
,,,,,0.5576319271369016,0.5639852743326979,,
,,,,,0.5828153044914712,0.589455577044497,,
,,,,,0.5828153044914712,0.589455577044497,,
,,,,,0.5899094982727344,0.5784015577844033,,
,,,,,0.5896957629472733,0.576299363291927,,
,,,,,0.5458614355472656,0.5628482072473496,,
,,,,,0.5425531844227368,0.5594370059913051,,
,,,,,0.5301336842995054,0.5636452168866123,,
,,,,,0.5147249543752291,0.557240525182535,,
,,,,,0.5083308555631145,0.5516638041071155,,
,,,,,0.4850299234134694,0.5368400537554968,,
,,,,,0.4776096700396776,0.5301981380823518,,
,,,,,0.4864186584923746,0.5398596770435712,,
,,,,,0.47344749426591126,0.5398596770435712,,
,,,,,0.4896360016371112,0.5474061026366533,,
,,,,,0.498579124954684,0.5474061026366533,,
,,,,,0.49789179424159685,0.5420520006051693,,
,,,,,0.5051603376873979,0.5510911543745747,,
,,,,,0.5129128615944679,0.5572486882044085,,
,,,,,0.501153543844295,0.5514829253374003,,
,,,,,0.5052114672762327,0.5514829253374003,,
,,,,,0.5165444133868065,0.5562980602345693,,
,,,,,0.4889195569923479,0.5227212745977435,,
,,,,,0.4930361353330141,0.5278627953314918,,
,,,,,0.5207922436925023,0.5058685121926797,,
,,,,,0.5226254915337725,0.5287361946869041,,
,,,,,0.5313165383618369,0.5296951037957461,,
,,,,,0.5482451099383018,0.5614984513546701,,
,,,,,0.5515678075742915,0.5635500333430908,,
,,,,,0.5715340630520939,0.5582083268659052,,
,,,,,0.6080070875127147,0.6036298819651359,,
,,,,,0.5199468017384561,0.5594370059913051,,
,,,,,0.5231172090661296,0.5781354425059196,,
,,,,,0.5202976768577243,0.5709240278953805,,
,,,,,0.5329364868218796,0.5709240278953805,,
,,,,,0.500844094295765,0.55621436359866,,
,,,,,0.4907955239723152,0.5506247360798566,,
,,,,,0.5180580484368633,0.5647998895580219,,
,,,,,0.5115823228314026,0.5577398909385466,,
,,,,,0.5083874405083545,0.5580156721346199,,
,,,,,0.500065994216451,0.556167938120929,,
,,,,,0.5272611024612216,0.5589221076885059,,
,,,,,0.5356720220837167,0.5676238890058118,,
,,,,,0.5231172090661296,0.5676238890058118,,
,,,,,0.5139271915778452,0.5457922009671269,,
,,,,,0.5139839164334278,0.5457922009671269,,
,,,,,0.5559212195789964,0.5746870821947984,,
,,,,,0.5150933386689311,0.5505550102680192,,
,,,,,0.5078147554964811,0.5382640326779251,,
,,,,,0.5190620369028263,0.5058685121926797,,
,,,,,0.5361126009927085,0.5104762350221952,,
,,,,,0.5464484947238523,0.5509667545654608,,
,,,,,0.5972809128376989,0.6022194759203874,,
,,,,,0.5484804676875177,0.5554238280430174,,
,,,,,0.6212834910009746,0.6130889092417144,,
,,,,,0.5202976768577243,0.5790031414976737,,
,,,,,0.5329364868218796,0.5790031414976737,,
,,,,,0.526052771406568,0.5703397927809594,,
,,,,,0.526052771406568,0.5703397927809594,,
,,,,,0.5180580484368633,0.5647998895580219,,
,,,,,0.48893028667736094,0.5418843809124696,,
,,,,,0.5127431980479322,0.5534332917806667,,
,,,,,0.48847757344895604,0.529601236153748,,
,,,,,0.5335756066823141,0.5656157856248952,,
,,,,,0.5308589013778905,0.5552842392448161,,
,,,,,0.5139271915778452,0.5457922009671269,,
,,,,,0.5481890043497015,0.5629327824851028,,
,,,,,0.5119496792971477,0.5457922009671269,,
,,,,,0.5536613772229841,0.5746870821947984,,
,,,,,0.5267753713672914,0.5669607769859454,,
,,,,,0.5439349439285641,0.601411025256158,,
,,,,,0.5896957629472733,0.6026144027116497,,
,,,,,0.5896957629472733,0.5971608787052094,,
,,,,,0.5573654363712447,0.5793408958889595,,
,,,,,0.5409507502842931,0.5739308211058766,,
,,,,,0.543072125775604,0.5739308211058766,,
,,,,,0.5507839003572216,0.5727146862166265,,
,,,,,0.5584007744870123,0.5688741618890847,,
,,,,,0.5302319026754757,0.5708490247387995,,
,,,,,0.5387156131182832,0.572149364202897,,
,,,,,0.5224733158951321,0.5724615926052933,,
,,,,,0.5418278096884651,0.565508318318577,,
,,,,,0.5338556854985721,0.5624519173520005,,
,,,,,0.5545003909129382,0.5727146862166265,,
,,,,,0.5668535511165654,0.5875794163536726,,
,,,,,0.5668535511165654,0.5875794163536726,,
,,,,,0.555414674088686,0.5816866430127128,,
,,,,,0.559194257967242,0.5574877481307081,,
,,,,,0.5780210441183297,0.574767896762178,,
,,,,,0.5835207212240923,0.5974988305324336,,
,,,,,0.5371043002176303,0.5579797938042569,,
,,,,,0.5223111733048565,0.5579797938042569,,
,,,,,0.5092622794058241,0.5482730746078865,,
,,,,,0.5452102050109411,0.5764930122715278,,
,,,,,0.5355025975330847,0.5657062407321437,,
,,,,,0.5354843475695209,0.5695767234863365,,
,,,,,0.5584007744870123,0.5688741618890847,,
,,,,,0.5360647435075317,0.5688741618890847,,
,,,,,0.5387156131182832,0.5708490247387995,,
,,,,,0.5377010827734278,0.5722512576661855,,
,,,,,0.5519627183588968,0.572149364202897,,
,,,,,0.5519627183588968,0.572149364202897,,
,,,,,0.5455196740674589,0.5752496772342779,,
,,,,,0.5845921804197989,0.6095506535346503,,
,,,,,0.601486113089545,0.6019789986672629,,
,,,,,0.5660957255134684,0.5928729246091111,,
,,,,,0.5604020209434131,0.5574877481307081,,
,,,,,0.5093105965101321,0.5662594085033942,,
,,,,,0.4972796375374518,0.5353725316759362,,
,,,,,0.5434983990297451,0.5808098421796195,,
,,,,,0.5434983990297451,0.5808098421796195,,
,,,,,0.5706733189812323,0.576299363291927,,
,,,,,0.5706733189812323,0.576299363291927,,
,,,,,0.5464362282136895,0.576299363291927,,
,,,,,0.5432809996701331,0.5705003614163144,,
,,,,,0.541018558425807,0.5719055347202955,,
,,,,,0.5351028953048953,0.5630672752179212,,
,,,,,0.5351542327375871,0.556783849458826,,
,,,,,0.542607418047729,0.5742241667849493,,
,,,,,0.553236078679028,0.5745381011108711,,
,,,,,0.5474752165836212,0.5814203029747033,,
,,,,,0.5443821362639397,0.5781354425059196,,
,,,,,0.5312777249687212,0.5708490247387995,,
,,,,,0.5229215049101004,0.5752013923784624,,
,,,,,0.5229215049101004,0.5752013923784624,,
,,,,,0.4996940504512282,0.5728314476205442,,
,,,,,0.5387156131182832,0.5760861717547517,,
,,,,,0.513451333067125,0.5452868378180833,,
,,,,,0.531420656829084,0.5728314476205442,,
,,,,,0.531420656829084,0.5728314476205442,,
,,,,,0.5103964389242296,0.5768247749872029,,
,,,,,0.5229215049101004,0.5752013923784624,,
,,,,,0.5387156131182832,0.5760861717547517,,
,,,,,0.5219381319607964,0.5529669341253802,,
,,,,,0.5388331767204768,0.5710850102802377,,
,,,,,0.5376793583549084,0.5710850102802377,,
,,,,,0.5610008898459571,0.5796159429988925,,
,,,,,0.5374852252532458,0.5568886854312339,,
,,,,,0.5572061020141236,0.5645538078753718,,
,,,,,0.5393086897438626,0.5728155709174505,,
,,,,,0.5393086897438626,0.5728155709174505,,
,,,,,0.5159735874050626,0.5402685208609536,,
,,,,,0.5344400923792493,0.5419063018016652,,
,,,,,0.37400059323063806,0.4473123038361018,,
,,,,,0.3482074488699044,0.41646317943361205,,
,,,,,0.3611040210502713,0.4414852470045204,,
,,,,,0.37400059323063806,0.4676446812831973,,
,,,,,0.3931305086315156,0.4488862387545962,,
,,,,,0.36776725001012744,0.43779502077575927,,
,,,,,0.35508562069943345,0.43188774163485694,,
,,,,,0.3410920987014262,0.4099505865041975,,
,,,,,0.35421102557455797,0.42571791675435894,,
,,,,,0.35421102557455797,0.42571791675435894,,
,,,,,0.33531087668953763,0.4099505865041975,,
,,,,,0.3482074488699044,0.43539332395332164,,
,,,,,0.3482074488699044,0.43539332395332164,,
,,,,,0.3482074488699044,0.43539332395332164,,
,,,,,0.3611040210502713,0.4515190026182595,,
,,,,,0.3866857461949334,0.4488862387545962,,
,,,,,0.35508562069943345,0.43188774163485694,,
,,,,,0.3611040210502713,0.43188774163485694,,
,,,,,0.3611040210502713,0.4414852470045204,,
,,,,,0.3410920987014262,0.4099505865041975,,
,,,,,0.33372708712352767,0.403141966623446,,
,,,,,0.3470761706084688,0.41926764528838384,,
,,,,,0.3470761706084688,0.4099505865041975,,
,,,,,0.33372708712352767,0.4125173611960843,,
,,,,,0.33372708712352767,0.4125173611960843,,
,,,,,0.33372708712352767,0.4125173611960843,,
,,,,,0.3410920987014262,0.41926764528838384,,
,,,,,0.35421102557455797,0.43539332395332164,,
,,,,,0.35421102557455797,0.43539332395332164,,
,,,,,0.3611040210502713,0.4414852470045204,,
,,,,,0.3611040210502713,0.43188774163485694,,
,,,,,0.3611040210502713,0.4414852470045204,,
,,,,,0.3410920987014262,0.41926764528838384,,
,,,,,0.33372708712352767,0.403141966623446,,
,,,,,0.33372708712352767,0.403141966623446,,
,,,,,0.33372708712352767,0.403141966623446,,
,,,,,0.33372708712352767,0.4125173611960843,,
,,,,,0.33372708712352767,0.4125173611960843,,
,,,,,0.33372708712352767,0.4125173611960843,,
,,,,,0.3410920987014262,0.41926764528838384,,
,,,,,0.35421102557455797,0.43539332395332164,,
,,,,,0.35421102557455797,0.43539332395332164,,
,,,,,0.3611040210502713,0.4515190026182595,,
,,,,,0.3611040210502713,0.4414852470045204,,
,,,,,0.3868971654110049,0.47301990750484324,,
,,,,,0.3611040210502713,0.4414852470045204,,
,,,,,0.3470761706084688,0.41926764528838384,,
,,,,,0.33372708712352767,0.403141966623446,,
,,,,,0.33372708712352767,0.403141966623446,,
,,,,,0.33372708712352767,0.403141966623446,,
,,,,,0.33372708712352767,0.4125173611960843,,
,,,,,0.32037800363858654,0.396016666748241,,
,,,,,0.33372708712352767,0.4125173611960843,,
,,,,,0.3410920987014262,0.41926764528838384,,
,,,,,0.3410920987014262,0.4290180556439277,,
,,,,,0.3410920987014262,0.41926764528838384,,
,,,,,0.33531087668953763,0.41926764528838384,,
,,,,,0.3611040210502713,0.4414852470045204,,
,,,,,0.3611040210502713,0.4414852470045204,,
,,,,,0.35508562069943345,0.4414852470045204,,
,,,,,0.32797317182829444,0.403141966623446,,
,,,,,0.32797317182829444,0.403141966623446,,
,,,,,0.32797317182829444,0.403141966623446,,
,,,,,0.33372708712352767,0.4125173611960843,,
,,,,,0.32037800363858654,0.41533455293108196,,
,,,,,0.32037800363858654,0.396016666748241,,
,,,,,0.30173531808203086,0.3708906092935703,,
,,,,,0.30173531808203086,0.3708906092935703,,
,,,,,0.32797317182829444,0.403141966623446,,
,,,,,0.32797317182829444,0.4125173611960843,,
,,,,,0.32797317182829444,0.403141966623446,,
,,,,,0.3410920987014262,0.4290180556439277,,
,,,,,0.33531087668953763,0.41926764528838384,,
,,,,,0.3611040210502713,0.4414852470045204,,
,,,,,0.3611040210502713,0.4414852470045204,,
,,,,,0.3410920987014262,0.41926764528838384,,
,,,,,0.32797317182829444,0.403141966623446,,
,,,,,0.32797317182829444,0.403141966623446,,
,,,,,0.32797317182829444,0.403141966623446,,
,,,,,0.33372708712352767,0.4125173611960843,,
,,,,,0.32037800363858654,0.41533455293108196,,
,,,,,0.32037800363858654,0.396016666748241,,
,,,,,0.30173531808203086,0.3708906092935703,,
,,,,,0.30173531808203086,0.3708906092935703,,
,,,,,0.32797317182829444,0.403141966623446,,
,,,,,0.32797317182829444,0.4125173611960843,,
,,,,,0.32797317182829444,0.403141966623446,,
,,,,,0.32797317182829444,0.4125173611960843,,
,,,,,0.3611040210502713,0.4414852470045204,,
,,,,,0.3611040210502713,0.4414852470045204,,
,,,,,0.3868971654110049,0.4627368660373467,,
,,,,,0.3868971654110049,0.47301990750484324,,
,,,,,0.3673299524476898,0.43188774163485694,,
,,,,,0.32797317182829444,0.403141966623446,,
,,,,,0.32797317182829444,0.403141966623446,,
,,,,,0.32797317182829444,0.403141966623446,,
,,,,,0.32797317182829444,0.4125173611960843,,
,,,,,0.32037800363858654,0.41533455293108196,,
,,,,,0.30702892015364547,0.3980289465589535,,
,,,,,0.30702892015364547,0.3795159723003976,,
,,,,,0.30173531808203086,0.3708906092935703,,
,,,,,0.30173531808203086,0.3708906092935703,,
,,,,,0.32797317182829444,0.403141966623446,,
,,,,,0.32797317182829444,0.4125173611960843,,
,,,,,0.32797317182829444,0.4125173611960843,,
,,,,,0.32797317182829444,0.4125173611960843,,
,,,,,0.3482074488699044,0.43539332395332164,,
,,,,,0.3482074488699044,0.42571791675435894,,
,,,,,0.3868971654110049,0.47301990750484324,,
,,,,,0.3868971654110049,0.47301990750484324,,
,,,,,0.39979373759137177,0.47816142823859165,,
,,,,,0.4126903097717386,0.48308416085601025,,
,,,,,0.32797317182829444,0.4125173611960843,,
,,,,,0.3148542449551627,0.396016666748241,,
,,,,,0.3148542449551627,0.41533455293108196,,
,,,,,0.3148542449551627,0.41533455293108196,,
,,,,,0.32797317182829444,0.4326401593032103,,
,,,,,0.32797317182829444,0.4434561632857906,,
,,,,,0.32797317182829444,0.4434561632857906,,
,,,,,0.32797317182829444,0.4434561632857906,,
,,,,,0.3410920987014262,0.4290180556439277,,
,,,,,0.35421102557455797,0.44551875009177105,,
,,,,,0.35421102557455797,0.44551875009177105,,
,,,,,0.3482074488699044,0.42571791675435894,,
,,,,,0.3611040210502713,0.4414852470045204,,
,,,,,0.39979373759137177,0.47816142823859165,,
,,,,,0.3868971654110049,0.4627368660373467,,
,,,,,0.3868971654110049,0.4627368660373467,,
,,,,,0.4126903097717386,0.48308416085601025,,
,,,,,0.4513800263128391,0.5068070437551893,,
,,,,,0.3148542449551627,0.41533455293108196,,
,,,,,0.3148542449551627,0.41533455293108196,,
,,,,,0.32797317182829444,0.4326401593032103,,
,,,,,0.32797317182829444,0.4434561632857906,,
,,,,,0.32797317182829444,0.4434561632857906,,
,,,,,0.32797317182829444,0.4434561632857906,,
,,,,,0.3410920987014262,0.4290180556439277,,
,,,,,0.35421102557455797,0.44551875009177105,,
,,,,,0.35421102557455797,0.44551875009177105,,
,,,,,0.3482074488699044,0.43539332395332164,,
,,,,,0.3611040210502713,0.4414852470045204,,
,,,,,0.3868971654110049,0.4627368660373467,,
,,,,,0.39979373759137177,0.47816142823859165,,
,,,,,0.39979373759137177,0.47816142823859165,,
,,,,,0.4126903097717386,0.48308416085601025,,
,,,,,0.4513800263128391,0.5068070437551893,,
,,,,,0.3148542449551627,0.396016666748241,,
,,,,,0.32797317182829444,0.4125173611960843,,
,,,,,0.32797317182829444,0.4125173611960843,,
,,,,,0.33531087668953763,0.4290180556439277,,
,,,,,0.3482074488699044,0.44551875009177105,,
,,,,,0.3482074488699044,0.44551875009177105,,
,,,,,0.3482074488699044,0.43539332395332164,,
,,,,,0.34240399138873934,0.42571791675435894,,
,,,,,0.3482074488699044,0.43539332395332164,,
,,,,,0.3611040210502713,0.43188774163485694,,
,,,,,0.3611040210502713,0.43188774163485694,,
,,,,,0.3868971654110049,0.4434561632857905,,
,,,,,0.39979373759137177,0.45823803539531693,,
,,,,,0.4126903097717386,0.48308416085601025,,
,,,,,0.4513800263128391,0.5068070437551893,,
,,,,,0.4565386551849858,0.5212872450053375,,
,,,,,0.32797317182829444,0.39418325625403605,,
,,,,,0.32797317182829444,0.39418325625403605,,
,,,,,0.32797317182829444,0.39418325625403605,,
,,,,,0.32037800363858654,0.396016666748241,,
,,,,,0.33372708712352767,0.4125173611960843,,
,,,,,0.3470761706084688,0.4290180556439277,,
,,,,,0.3470761706084688,0.4290180556439277,,
,,,,,0.3482074488699044,0.43539332395332164,,
,,,,,0.3482074488699044,0.43539332395332164,,
,,,,,0.3482074488699044,0.43539332395332164,,
,,,,,0.3482074488699044,0.42571791675435894,,
,,,,,0.33679081120203874,0.42571791675435894,,
,,,,,0.3492645449502624,0.43188774163485694,,
,,,,,0.361738278698486,0.4473123038361018,,
,,,,,0.361738278698486,0.4473123038361018,,
,,,,,0.38044887932082155,0.4399085139795043,,
,,,,,0.4172665128034817,0.4824803056549402,,
,,,,,0.4540841462861418,0.525052097330376,,
,,,,,0.4692202844956798,0.525052097330376,,
,,,,,0.47400188243249897,0.550247647505634,,
,,,,,0.47400188243249897,0.5392426945555214,,
,,,,,0.37400059323063806,0.44250249411743403,,
,,,,,0.3576869805580373,0.4196144340768771,,
,,,,,0.3576869805580373,0.4196144340768771,,
,,,,,0.3482074488699044,0.40760226072225864,,
,,,,,0.3410920987014262,0.4099505865041975,,
,,,,,0.32797317182829444,0.39418325625403605,,
,,,,,0.32797317182829444,0.39418325625403605,,
,,,,,0.32797317182829444,0.39418325625403605,,
,,,,,0.32037800363858654,0.396016666748241,,
,,,,,0.32037800363858654,0.396016666748241,,
,,,,,0.33372708712352767,0.4125173611960843,,
,,,,,0.33372708712352767,0.4223392031293244,,
,,,,,0.33372708712352767,0.4223392031293244,,
,,,,,0.33372708712352767,0.4223392031293244,,
,,,,,0.33372708712352767,0.4223392031293244,,
,,,,,0.3470761706084688,0.4290180556439277,,
,,,,,0.3470761706084688,0.4290180556439277,,
,,,,,0.3470761706084688,0.4290180556439277,,
,,,,,0.3482074488699044,0.43539332395332164,,
,,,,,0.3482074488699044,0.43539332395332164,,
,,,,,0.3482074488699044,0.43539332395332164,,
,,,,,0.3482074488699044,0.42571791675435894,,
,,,,,0.33679081120203874,0.42571791675435894,,
,,,,,0.361738278698486,0.4473123038361018,,
,,,,,0.361738278698486,0.43779502077575927,,
,,,,,0.361738278698486,0.43779502077575927,,
,,,,,0.4049939683092616,0.4682897084297949,,
,,,,,0.4172665128034817,0.4824803056549402,,
,,,,,0.4540841462861418,0.525052097330376,,
,,,,,0.4819019138063739,0.5392426945555214,,
,,,,,0.4864756161807226,0.5534332917806667,,
,,,,,0.4864756161807226,0.5534332917806667,,
,,,,,0.3870083427573874,0.46513624237976253,,
,,,,,0.3870083427573874,0.46513624237976253,,
,,,,,0.3476515621379921,0.42252901850151736,,
,,,,,0.3476515621379921,0.42252901850151736,,
,,,,,0.35421102557455797,0.42571791675435894,,
,,,,,0.3410920987014262,0.4099505865041975,,
,,,,,0.32797317182829444,0.39418325625403605,,
,,,,,0.32797317182829444,0.39418325625403605,,
,,,,,0.32797317182829444,0.39418325625403605,,
,,,,,0.33372708712352767,0.4125173611960843,,
,,,,,0.33372708712352767,0.4125173611960843,,
,,,,,0.33372708712352767,0.4125173611960843,,
,,,,,0.33372708712352767,0.4125173611960843,,
,,,,,0.33372708712352767,0.403141966623446,,
,,,,,0.33372708712352767,0.403141966623446,,
,,,,,0.33372708712352767,0.403141966623446,,
,,,,,0.3482074488699044,0.43539332395332164,,
,,,,,0.3482074488699044,0.43539332395332164,,
,,,,,0.3482074488699044,0.43539332395332164,,
,,,,,0.3611040210502713,0.4414852470045204,,
,,,,,0.3611040210502713,0.4414852470045204,,
,,,,,0.3611040210502713,0.4414852470045204,,
,,,,,0.35508562069943345,0.4414852470045204,,
,,,,,0.37421201244670965,0.45289140080250956,,
,,,,,0.3866857461949334,0.46798778082925996,,
,,,,,0.3866857461949334,0.46798778082925996,,
,,,,,0.5154468687572421,0.5622689466567006,,
,,,,,0.36077048901112385,0.43360158187943965,,
,,,,,0.35421102557455797,0.43050126413362144,,
,,,,,0.35421102557455797,0.42571791675435894,,
,,,,,0.3410920987014262,0.4099505865041975,,
,,,,,0.32797317182829444,0.39418325625403605,,
,,,,,0.32797317182829444,0.39418325625403605,,
,,,,,0.32797317182829444,0.39418325625403605,,
,,,,,0.33372708712352767,0.4125173611960843,,
,,,,,0.33372708712352767,0.4125173611960843,,
,,,,,0.33372708712352767,0.4125173611960843,,
,,,,,0.3470761706084688,0.4290180556439277,,
,,,,,0.36042525409340986,0.42571791675435894,,
,,,,,0.36042525409340986,0.42571791675435894,,
,,,,,0.36042525409340986,0.42571791675435894,,
,,,,,0.3482074488699044,0.42571791675435894,,
,,,,,0.3482074488699044,0.42571791675435894,,
,,,,,0.3611040210502713,0.4414852470045204,,
,,,,,0.35508562069943345,0.43188774163485694,,
,,,,,0.35508562069943345,0.43188774163485694,,
,,,,,0.36776725001012744,0.4473123038361018,,
,,,,,0.3804488793208215,0.45289140080250956,,
,,,,,0.3927214238150416,0.4730199075048433,,
,,,,,0.4418116017919218,0.5008446079463046,,
,,,,,0.531420656829084,0.5781354425059196,,
,,,,,0.35421102557455797,0.41646317943361205,,
,,,,,0.3410920987014262,0.4099505865041975,,
,,,,,0.32797317182829444,0.39418325625403605,,
,,,,,0.32797317182829444,0.39418325625403605,,
,,,,,0.32797317182829444,0.39418325625403605,,
,,,,,0.33372708712352767,0.4125173611960843,,
,,,,,0.33372708712352767,0.4125173611960843,,
,,,,,0.3470761706084688,0.4290180556439277,,
,,,,,0.3470761706084688,0.4290180556439277,,
,,,,,0.36042525409340986,0.42571791675435894,,
,,,,,0.36042525409340986,0.42571791675435894,,
,,,,,0.36042525409340986,0.42571791675435894,,
,,,,,0.3482074488699044,0.42571791675435894,,
,,,,,0.3611040210502713,0.4414852470045204,,
,,,,,0.3611040210502713,0.4414852470045204,,
,,,,,0.36776725001012744,0.4473123038361018,,
,,,,,0.36776725001012744,0.4473123038361018,,
,,,,,0.3804488793208215,0.4627368660373467,,
,,,,,0.4058121379422096,0.48308416085601025,,
,,,,,0.3673299524476898,0.43188774163485694,,
,,,,,0.35421102557455797,0.41646317943361205,,
,,,,,0.3410920987014262,0.4099505865041975,,
,,,,,0.32797317182829444,0.39418325625403605,,
,,,,,0.32797317182829444,0.39418325625403605,,
,,,,,0.32797317182829444,0.39418325625403605,,
,,,,,0.32797317182829444,0.39418325625403605,,
,,,,,0.3410920987014262,0.4099505865041975,,
,,,,,0.3410920987014262,0.4099505865041975,,
,,,,,0.3470761706084688,0.4290180556439277,,
,,,,,0.36042525409340986,0.42571791675435894,,
,,,,,0.36042525409340986,0.42571791675435894,,
,,,,,0.36042525409340986,0.42571791675435894,,
,,,,,0.37400059323063806,0.4572525772546818,,
,,,,,0.37400059323063806,0.4572525772546818,,
,,,,,0.3804488793208215,0.4627368660373467,,
,,,,,0.41849376725290366,0.5090105526410814,,
,,,,,0.43117539656359777,0.5244351148423263,,
,,,,,0.36077048901112385,0.42883672933131395,,
,,,,,0.35421102557455797,0.41646317943361205,,
,,,,,0.35421102557455797,0.41646317943361205,,
,,,,,0.3410920987014262,0.4099505865041975,,
,,,,,0.3410920987014262,0.4099505865041975,,
,,,,,0.3410920987014262,0.4099505865041975,,
,,,,,0.3410920987014262,0.4099505865041975,,
,,,,,0.3410920987014262,0.4099505865041975,,
,,,,,0.3410920987014262,0.4099505865041975,,
,,,,,0.3410920987014262,0.4099505865041975,,
,,,,,0.3482074488699044,0.42571791675435894,,
,,,,,0.3482074488699044,0.42571791675435894,,
,,,,,0.3482074488699044,0.41646317943361205,,
,,,,,0.37400059323063806,0.4473123038361018,,
,,,,,0.3804488793208215,0.45289140080250956,,
,,,,,0.3771971794975666,0.4572525772546818,,
,,,,,0.36077048901112385,0.4384735097657255,,
,,,,,0.35421102557455797,0.42571791675435894,,
,,,,,0.35421102557455797,0.42571791675435894,,
,,,,,0.3410920987014262,0.4099505865041975,,
,,,,,0.3410920987014262,0.4099505865041975,,
,,,,,0.3410920987014262,0.4099505865041975,,
,,,,,0.3410920987014262,0.4099505865041975,,
,,,,,0.3410920987014262,0.4099505865041975,,
,,,,,0.3611040210502713,0.43188774163485694,,
,,,,,0.3611040210502713,0.43188774163485694,,
,,,,,0.35421102557455797,0.42571791675435894,,
,,,,,0.35421102557455797,0.41646317943361205,,
,,,,,0.35421102557455797,0.41646317943361205,,
,,,,,0.35421102557455797,0.41646317943361205,,
,,,,,0.35421102557455797,0.41646317943361205,,
,,,,,0.3611040210502713,0.422698640749009,,
,,,,,0.3611040210502713,0.422698640749009,,
,,,,,0.3611040210502713,0.422698640749009,,
,,,,,0.35508562069943345,0.422698640749009,,
,,,,,0.35508562069943345,0.422698640749009,,
,,,,,0.36776725001012744,0.43779502077575927,,
,,,,,0.3804488793208215,0.45289140080250956,,
,,,,,0.3482074488699044,0.40760226072225864,,
,,,,,0.3482074488699044,0.40760226072225864,,
,,,,,0.35508562069943345,0.43188774163485694,,
,,,,,0.3804488793208215,0.4627368660373467,,
,,,,,0.3804488793208215,0.45289140080250956,,
,,,,,0.3804488793208215,0.45289140080250956,,
,,,,,0.36776725001012744,0.4286742911762642,,
,,,,,0.3804488793208215,0.4434561632857905,,
,,,,,0.37421201244670965,0.4434561632857905,,
,,,,,0.37421201244670965,0.4434561632857905,,
,,,,,0.42410694743960436,0.5025836517238961,,
,,,,,0.4116332136913807,0.4778466412548927,,
,,,,,0.4116332136913807,0.4778466412548927,,
