Dissolved Oxygen,Salinity,Temperature,pH,Turbidity,Dissolved Organic Matter,Suspended Matter,Temperature,Chlorophyll
6.252250000000002,0.06624539196491241,33.41046793999999,7.981358282760171,0.07977326214313507,0.692457219504564,0.6761170977077539,33.41046793999999,0.04814137890934944
12.285300000000001,0.06064356490969658,33.1472804,7.921595899649312,0.08987447619438171,0.692981014678168,0.6742493709185059,33.1472804,0.04136611148715019
13.673800000000002,0.0736842080950737,35.51596826000002,7.978093060295791,0.1132875308394432,0.6789852891640084,0.675493373447876,35.51596826000002,0.045255109667778015
19.29625,0.06388732045888901,33.28741922000006,7.5314247876061975,0.07735625654459,0.6772493957711048,0.6607595160267212,33.28741922000006,0.03988378122448921
13.633150000000006,0.0698537603020668,32.942199200000005,7.746881285140563,0.06706322729587555,0.677890730426191,0.6585691529901686,32.942199200000005,0.035636868327856064
10.277850000000003,0.08997394144535065,33.051575840000055,8.097649733028224,0.12190669029951096,0.6839985170767962,0.6709135361532328,33.051575840000055,0.048839207738637924
8.6577,0.09244830906391144,34.50765236000001,8.126591852783895,0.14133001863956451,0.6808032577319963,0.6682552709902219,34.50765236000001,0.07495466619729996
10.778100000000004,0.07819205522537231,33.26349307999999,7.928504635429717,0.10665584355592728,0.6590874951614232,0.6599030089576076,33.26349307999999,0.0515478253364563
7.288649999999992,0.08012130856513977,32.68242968000004,7.968450470150886,0.07078313082456589,0.668301735103242,0.6666903224643735,32.68242968000004,0.04581223800778389
3.6121,0.12986445426940918,31.98515359999999,8.186116621170761,0.11000967025756836,0.6634353125019671,0.6610235765414217,31.98515359999999,0.06923466920852661
4.054900000000005,0.12009714543819427,31.25711534000004,8.158476935749588,0.06643625348806381,0.6846925202951355,0.6634361522005017,31.25711534000004,0.10347054153680801
8.741950000000005,0.1512296050786972,33.75226994000002,8.066139610979823,0.0572892390191555,0.6424466563728912,0.6450271465975135,33.75226994000002,0.16697247326374054
9.527900000000004,0.09299805015325546,33.65314736000005,8.103068696565172,0.1280062049627304,0.6602499069694681,0.6611528252624514,33.65314736000005,0.0878293588757515
1.5644000000000045,0.12167488038539886,31.55790109999998,8.140951834346163,0.07475850731134415,0.6448286090183415,0.6439817217245841,31.55790109999998,0.11743403971195221
11.37045,0.13162705302238464,31.25027929999999,7.334128553770087,-0.19387754797935486,0.6465899011218819,0.6280762257325719,31.25027929999999,0.06081390008330345
5.319400000000002,0.19965943694114685,30.125750720000042,7.958901329243354,-0.13654766976833344,0.671063312521024,0.6516290841975434,30.125750720000042,0.1409740000963211
7.378750000000002,0.10603742301464081,33.80354024000002,8.05268350668648,0.05681350454688072,0.6434653350035036,0.6600277779137349,33.80354024000002,0.1122254878282547
-1.647050000000002,0.0718783587217331,31.052034140000046,8.137028721957853,0.11458802223205566,0.6434653350035036,0.641382925430296,31.052034140000046,0.06664153188467026
0.9265500000000007,0.20963172614574432,29.96510378000005,8.053754182754183,-0.15654206275939941,0.6472003924078343,0.641993723221867,29.96510378000005,0.16820275783538818
5.203350000000002,0.23955628275871277,29.168705120000027,8.17202752064048,-0.08573567867279053,0.6491198578146407,0.6435359548069924,29.168705120000027,0.22154925763607025
11.966650000000001,0.0874861553311348,28.184315360000028,7.310983686786297,-0.20953238010406494,0.6482830479952255,0.6364290683290071,28.184315360000028,0.027116768062114716
6.471250000000003,0.07924528419971466,33.70783568000002,8.014732016925247,0.06405353546142578,0.6342530708027769,0.6504023728191596,33.70783568000002,0.080924853682518
6.371300000000003,0.053650084882974625,31.12723058000006,8.091416090403104,0.10271139442920685,0.6338854588992977,0.6352767362419699,31.12723058000006,0.06232903525233269
5.017149999999999,0.19401632249355316,29.209721360000003,7.867221476510068,-0.17159277200698853,0.6342530708027769,0.6328239303105336,29.209721360000003,0.14780405163764954
7.3029,0.22570332884788513,27.801497120000022,8.126763617318437,-0.11457905173301697,0.6433607064937469,0.6385768751315384,27.801497120000022,0.19401869177818298
11.543,0.06285714358091354,27.063204799999994,7.309177892918826,-0.22358490526676178,0.6421177375863015,0.6246425415131679,27.063204799999994,-0.01230012346059084
8.339,0.0602409653365612,27.866439500000013,7.345838957055215,-0.21071115136146545,0.6448286090183415,0.6406590169365823,27.866439500000013,0.036441586911678314
7.197749999999997,0.10154979676008224,32.303029460000005,8.087212944857255,0.06623058021068573,0.6345392860874353,0.6504023728191596,32.303029460000005,0.08156078308820724
-0.028499999999999304,0.08687304705381393,30.221455279999986,8.139187919463089,0.06587009876966476,0.6338854588992977,0.6316046163792994,30.221455279999986,0.06953731179237366
8.5618,0.07903780043125153,27.14865530000003,7.4293000000000005,-0.2249508798122406,0.6351124923079297,0.6316046163792994,27.14865530000003,0.07394365966320038
8.8435,0.053892213851213455,26.365928720000056,7.313022556390978,-0.23410268127918243,0.6493463897049825,0.6480099310904501,26.365928720000056,-0.011194029822945595
8.81275,0.06636670231819153,27.719464640000012,7.269373881932022,-0.23639607429504395,0.6434653350035036,0.6401773184276074,27.719464640000012,-0.023311415687203407
8.4367,0.06980960816144943,28.153553180000017,7.42444921316166,-0.2453760802745819,0.633897407054141,0.6413702997821578,28.153553180000017,-0.016048699617385864
0.6578000000000017,0.1364562064409256,31.95439141999998,8.107967826314413,0.027752501890063286,0.6394779035392532,0.6457702654299992,31.95439141999998,0.12015579640865326
7.839200000000002,0.10613436996936798,27.907455740000046,7.51704884004884,-0.17656566202640533,0.6452843182826654,0.653944572587341,27.907455740000046,0.03503787890076637
8.823599999999999,0.08515284210443497,26.646206360000008,7.444945945945946,-0.22698178887367249,0.6458548614464874,0.6401773184276074,26.646206360000008,0.06324582546949387
9.04405,0.06610702723264694,27.750226820000023,7.371907103825137,-0.2631579041481018,0.6386810202069749,0.6481795349079525,27.750226820000023,-0.005471956450492144
9.3319,0.0638655498623848,28.300528040000017,7.391781150159745,-0.258801132440567,0.6485216522357183,0.6443298199525433,28.300528040000017,-0.011031797155737877
12.7523,0.0407988578081131,29.756604560000028,7.588,-0.022366097196936607,0.6562421480956674,0.6382014625065346,29.756604560000028,0.03807731345295906
-1.9620499999999979,0.18600130081176758,30.73415828000003,8.1233184,-0.06057945638895035,0.6386810202069749,0.6457518962004322,30.73415828000003,0.16903960704803467
6.27445,0.12927308678627014,28.915771640000003,7.938357587064677,-0.11875452846288681,0.6386810202069749,0.6338814569320418,28.915771640000003,0.08633633702993393
8.150400000000001,0.11979695409536362,28.666256180000005,7.845045248868779,-0.11999999731779099,0.633437728006241,0.6421793446257807,28.666256180000005,0.048963386565446854
,,,,,0.547942096631875,0.5701134674663637,,
,,,,,0.5295275937882281,0.5550233587001862,,
,,,,,0.5368297070171101,0.5849170899253439,,
,,,,,0.5236285650867221,0.5758503221798092,,
,,,,,0.5236285650867221,0.5596291863437582,,
,,,,,0.5227815188784936,0.5629965203454385,,
,,,,,0.5421092657414901,0.5795793372174728,,
,,,,,0.5315362333094731,0.5691832952942893,,
,,,,,0.5133474886439222,0.5504073556076576,,
,,,,,0.5316529211021737,0.5573964315462479,,
,,,,,0.5287388578420363,0.5531281176467925,,
,,,,,0.5424582107062431,0.5724907003285152,,
,,,,,0.5287388578420363,0.5571218224673471,,
,,,,,0.5292141462347324,0.555841082645583,,
,,,,,0.5319128532197066,0.570180753370703,,
,,,,,0.5331054829354458,0.5683868243404971,,
,,,,,0.5331838308729762,0.553279603002055,,
,,,,,0.5267753713672912,0.553279603002055,,
,,,,,0.5331054829354458,0.5714591855531485,,
,,,,,0.5615639796172126,0.5996671730625917,,
,,,,,0.5629928955958824,0.5885363480744471,,
,,,,,0.5339633393976442,0.5629327824851028,,
,,,,,0.5414080205719383,0.570708801446061,,
,,,,,0.5622986581156796,0.5850509382296746,,
,,,,,0.5621691675611198,0.5862957274599505,,
,,,,,0.5653064852604057,0.5900300951507782,,
,,,,,0.5648006181595014,0.5778645261785973,,
,,,,,0.5501876100947265,0.5744686215175099,,
,,,,,0.548499918039221,0.5753606535384999,,
,,,,,0.5609756024495249,0.5881464458393554,,
,,,,,0.5649522832019718,0.6092702069491732,,
,,,,,0.5649522832019718,0.5931519475060734,,
,,,,,0.5456852564932966,0.5850001305059899,,
,,,,,0.548499918039221,0.5759568821950164,,
,,,,,0.5572772316812034,0.574100925083679,,
,,,,,0.56362796936418,0.5790077705972149,,
,,,,,0.5636926055991989,0.5937257647308202,,
,,,,,0.5563849674049298,0.591031059686464,,
,,,,,0.5591189456092666,0.5954768378741174,,
,,,,,0.553535982074889,0.5950471128719125,,
,,,,,0.5538787288130158,0.5961526459922392,,
,,,,,0.5518222483842546,0.5937334078088339,,
,,,,,0.5003163344492996,0.5772446328872665,,
,,,,,0.4690465635462183,0.5411668433318122,,
,,,,,0.5178331968533404,0.5892705627390844,,
,,,,,0.479469820513912,0.5531927731836302,,
,,,,,0.4586233065785245,0.5291409134799941,,
,,,,,0.479469820513912,0.5531927731836302,,
,,,,,0.4966971480021837,0.5652187030354483,,
,,,,,0.4690465635462183,0.5411668433318122,,
,,,,,0.4690465635462183,0.5411668433318122,,
,,,,,0.4586233065785245,0.5291409134799941,,
,,,,,0.48327290075888135,0.5652187030354483,,
,,,,,0.479469820513912,0.5531927731836302,,
,,,,,0.479469820513912,0.5531927731836302,,
,,,,,0.48989307748160577,0.5652187030354483,,
,,,,,0.48327290075888135,0.5557983913181909,,
,,,,,0.4935553029026874,0.567623889005812,,
,,,,,0.4586233065785245,0.5291409134799941,,
,,,,,0.4482000496108308,0.5171149836281761,,
,,,,,0.4524256943274634,0.5203218982553276,,
,,,,,0.4627080964712694,0.5321473959429487,,
,,,,,0.4627080964712694,0.5234236681406054,,
,,,,,0.4627080964712694,0.5321473959429487,,
,,,,,0.4627080964712694,0.5321473959429487,,
,,,,,0.46668395863354106,0.5439728936305698,,
,,,,,0.4768292620820963,0.5557983913181909,,
,,,,,0.4768292620820963,0.5466869422801878,,
,,,,,0.4768292620820963,0.5466869422801878,,
,,,,,0.48327290075888135,0.5466869422801878,,
,,,,,0.4768292620820963,0.5466869422801878,,
,,,,,0.470555192844174,0.5293318012554199,,
,,,,,0.4805670054578799,0.5405941800055352,,
,,,,,0.4869745655306516,0.5405941800055352,,
,,,,,0.4971198689792068,0.5518565587556505,,
,,,,,0.507265172427762,0.5815818534895615,,
,,,,,0.4905788180715857,0.5607574709936449,,
,,,,,0.5206142559127032,0.5856436950059964,,
,,,,,0.5275557793248725,0.5856436950059964,,
,,,,,0.5275557793248725,0.5856436950059964,,
,,,,,0.530626068526409,0.5785397330251545,,
,,,,,0.5106024432989973,0.5836455310342018,,
,,,,,0.5206142559127032,0.5856436950059964,,
,,,,,0.5206142559127032,0.5856436950059964,,
