Dissolved Oxygen,Salinity,Temperature,pH,Turbidity,Dissolved Organic Matter,Suspended Matter,Temperature,Chlorophyll
12.09465000000001,0.06932137161493301,37.16174489000002,8.041302442333786,0.12131264805793762,0.7257407664931842,0.6932188299639945,37.16174489000002,0.056578151881694794
12.113000000000001,0.076764315366745,37.08142142000003,8.048732985729968,0.13279999792575836,0.7217212791710682,0.68810110705822,37.08142142000003,0.05629606544971466
11.322800000000003,0.07884521782398224,34.00349441000003,8.051699192748902,0.12433154881000519,0.7229717272182952,0.6938201390825516,34.00349441000003,0.05292792618274689
11.86615,0.07084407657384872,37.09167548000005,8.019702637889688,0.12431871145963669,0.7152079168697809,0.6875007867521776,37.09167548000005,0.04686468467116356
11.604949999999997,0.0612771213054657,36.980589829999985,8.017540440691384,0.11323165893554688,0.7306132707355081,0.6966386937198874,36.980589829999985,0.048846181482076645
9.130600000000003,0.0848350077867508,35.72788550000001,8.069109136719268,0.12871822714805603,0.7465126268862289,0.7102501961417901,35.72788550000001,0.054443858563899994
8.6714,0.08693580329418182,32.947326230000044,8.101533725202058,0.12793494760990143,0.7142195661205994,0.7089935575072596,32.947326230000044,0.06953892856836319
11.693400000000006,0.06395751237869263,34.15046927000003,8.018314959550255,0.13257816433906555,0.7149628797463734,0.6912430091630055,34.15046927000003,0.04798902943730354
11.427399999999993,0.07212793827056885,34.488853250000034,8.028875000000001,0.12414182722568512,0.7152222459607365,0.6823051161563919,34.488853250000034,0.04801641404628754
9.61295,0.09082280099391937,33.50788151000006,8.091683355886333,0.1261885017156601,0.73480502576787,0.6994349242068567,33.50788151000006,0.051026757806539536
8.923350000000005,0.09706783294677734,33.54377072,8.074562979376172,0.08321964740753174,0.7328450843426201,0.7027957555852805,33.54377072,0.07888630777597427
9.235549999999998,0.1165105402469635,32.20903391000002,8.046255377731889,0.07471565902233124,0.6977002703823705,0.6729561570687462,32.20903391000002,0.12232065945863724
10.134400000000008,0.07963880896568298,32.41924214000005,8.047279335260116,0.12923607230186462,0.7164962435488389,0.6865303667155497,32.41924214000005,0.07499764859676361
8.789250000000001,0.09049671143293381,32.96783435000003,8.064763809842653,0.11472560465335846,0.7161886885662472,0.686661368678485,32.96783435000003,0.06576482951641083
6.564100000000005,0.1050209179520607,32.85845771000004,8.070277388582502,0.12069801241159439,0.7476152541267016,0.7107324542424468,32.85845771000004,0.05509236454963684
8.904100000000009,0.1000841036438942,32.74224503000005,8.04745856185253,0.11775700747966766,0.7588973355872372,0.706282328748354,32.74224503000005,0.06442113220691681
8.377450000000001,0.0837467759847641,32.21586995000001,8.026662332466493,0.08075165003538132,0.6923410873680191,0.6844038038025944,32.21586995000001,0.09072781354188919
12.196500000000002,0.057273246347904205,32.74908106999999,8.036231591937474,0.129081591963768,0.7016661965916947,0.6937625310071036,32.74908106999999,0.0490909107029438
9.813250000000002,0.12995101511478424,32.12700143000001,7.993718719372755,0.10636694729328156,0.7018831620204492,0.6795941084136942,32.12700143000001,0.07350930571556091
6.015050000000004,0.14088982343673706,31.969772509999984,8.138006223386833,0.09302325546741486,0.7318823062631626,0.7018725973439344,31.969772509999984,0.11900357902050018
9.718350000000003,0.08439105749130249,31.762982300000033,8.07322946582424,0.12589655816555023,0.7163263418174464,0.6928501357665878,31.762982300000033,0.04818892478942871
8.729150000000006,0.0637291967868805,32.2073249,7.9791352637842134,0.08414651453495026,0.7055018548744271,0.6925291457655475,32.2073249,0.05591132864356041
14.633899999999999,0.05225576087832451,32.757626120000054,7.993388059701493,0.11987736076116562,0.6989647137402119,0.6873577985227339,32.757626120000054,0.043637633323669434
13.3624,0.11232700198888779,32.14580053999998,7.97210067932416,0.10764354467391968,0.6997632109685761,0.6857035205172697,32.14580053999998,0.057957492768764496
7.797600000000001,0.12984302639961243,31.940719339999987,8.102862893081761,0.0892883688211441,0.730077862707287,0.7001421422222777,31.940719339999987,0.09257426112890244
12.058500000000004,0.1190074160695076,31.624552490000042,8.03849045996593,0.13023307919502258,0.7121855034287664,0.6926191596958596,31.624552490000042,0.04320179671049118
11.739700000000001,0.0899607241153717,31.35111089000003,8.023317204301076,0.11741185188293457,0.7283031215088198,0.6868531256346962,31.35111089000003,0.04600822553038597
11.796999999999999,0.0877969041466713,32.557671949999985,7.991044398261856,0.0888063982129097,0.6979317423035831,0.6813832221330097,32.557671949999985,0.06738412380218506
9.96600000000001,0.07108183205127716,32.84307662000003,8.05230814655751,0.12640225887298584,0.6969017219876771,0.6947113615000335,32.84307662000003,0.04935142397880554
11.355900000000004,0.09878990799188614,31.64164259000006,8.011056160547605,0.12549643218517303,0.7142864721023371,0.6936266057463262,31.64164259000006,0.04159621149301529
11.919900000000004,0.11488673090934753,31.530556939999997,7.996012923799933,0.1226455494761467,0.7209799985816923,0.692876161239346,31.530556939999997,0.04253377020359039
11.009350000000003,0.11308010667562485,30.947784530000035,8.00481620294599,0.11855185031890869,0.7307996401296373,0.6911005142116217,30.947784530000035,0.048339713364839554
7.620850000000003,0.10540062189102173,27.46311314000002,7.990290994273816,0.08882586658000946,0.7294877862301836,0.6955977154329192,27.46311314000002,0.07426697760820389
11.212850000000001,0.09379447996616364,32.84649464000006,8.045720473045616,0.12133891135454178,0.7031398429691752,0.6942111708794407,32.84649464000006,0.077826127409935
10.844500000000005,0.08532726019620895,31.95097340000001,8.027364552893046,0.12060673534870148,0.7046930621173889,0.685606319200362,31.95097340000001,0.04463018476963043
10.187,0.09915407001972198,31.918502210000042,8.012433744342125,0.12165762484073639,0.7128021142542459,0.6956883118010164,31.918502210000042,0.04018912464380264
10.661150000000001,0.12003154307603836,30.94436651000001,8.013801782531194,0.11783439666032791,0.7149175821935126,0.6871772520651632,30.94436651000001,0.042478565126657486
4.338650000000001,0.14592567086219788,27.43918700000006,7.956701350277999,-0.013046815060079098,0.7107898574628031,0.6897206519328235,27.43918700000006,0.16043740510940552
4.844850000000003,0.06870705634355545,29.175541160000023,7.853798310066129,0.02379286289215088,0.7395294455173966,0.696578403503679,29.175541160000023,0.08600582927465439
8.612950000000007,0.10227540880441666,32.062059050000016,8.032895859473024,0.11065730452537537,0.6996547683119498,0.6794083105435131,32.062059050000016,0.08235790580511093
9.95265,0.09361939132213593,33.046448810000015,8.0284089849215,0.1252823919057846,0.6985189651166381,0.6780551525829883,33.046448810000015,0.04671596363186836
9.525899999999998,0.12377461045980453,31.366491979999978,8.018592389380531,0.11719030141830444,0.6929604587629248,0.6718080205321952,31.366491979999978,0.04542206972837448
,,,,,0.609778691594348,0.6424876696424053,,
,,,,,0.6097974945142246,0.624754864847306,,
,,,,,0.6004363265471468,0.6211733124969263,,
,,,,,0.59933727564239,0.6349878135765405,,
,,,,,0.5824803531670509,0.6129012809304001,,
,,,,,0.5894527352078698,0.6138215531239892,,
,,,,,0.5991738447840116,0.6313139710399287,,
,,,,,0.59933727564239,0.6349878135765405,,
,,,,,0.5965541951255058,0.6371946741031151,,
,,,,,0.6092323270205048,0.6385768751315384,,
,,,,,0.6074605246676258,0.6299686084324613,,
,,,,,0.5733525364412381,0.5977928752324988,,
,,,,,0.5758145200531353,0.602025336824346,,
,,,,,0.6094816494805134,0.6247514770996874,,
,,,,,0.6002499503523273,0.624075534901463,,
,,,,,0.6078334420776847,0.6249320701073604,,
,,,,,0.5839447915156796,0.6070422146312157,,
,,,,,0.597317133005329,0.624075534901463,,
,,,,,0.5928915335335682,0.6225964728509693,,
,,,,,0.6098992012171928,0.624075534901463,,
,,,,,0.6098992012171928,0.624075534901463,,
,,,,,0.564908942021826,0.6064005209582438,,
,,,,,0.5781821784415118,0.6025786689353979,,
,,,,,0.5934510026946148,0.624075534901463,,
,,,,,0.576707149287656,0.5994911110622798,,
,,,,,0.5953203394023486,0.6113205450954362,,
,,,,,0.5912549796658013,0.6159654839486146,,
,,,,,0.5703536140406266,0.5926035919864048,,
,,,,,0.5722148460449309,0.611936534615931,,
,,,,,0.5771435380173007,0.6016165743740307,,
,,,,,0.5765565490738224,0.6111380250282301,,
,,,,,0.5776715425138895,0.6021057140388754,,
,,,,,0.5925344466952074,0.6167068736645787,,
,,,,,0.5674491759361405,0.5935230778577881,,
,,,,,0.5744292022265598,0.6005135544495082,,
,,,,,0.5665332681753357,0.6005135544495082,,
,,,,,0.5607061521316901,0.5855171514245344,,
,,,,,0.5742624593521833,0.5988359442836251,,
,,,,,0.5773556763463521,0.6018001964590415,,
,,,,,0.5966752208053172,0.618710039016335,,
,,,,,0.5966752208053172,0.618710039016335,,
,,,,,0.5997353861515728,0.6194741480976891,,
,,,,,0.5860969221969412,0.641955588756573,,
,,,,,0.5963793243407473,0.6430114367643963,,
,,,,,0.6066617264845532,0.6440347971412097,,
,,,,,0.5963793243407473,0.6430114367643963,,
,,,,,0.5963793243407473,0.6430114367643963,,
,,,,,0.5860969221969412,0.6319250326822516,,
,,,,,0.6285677136604878,0.6523097111558727,,
,,,,,0.595485202415199,0.5986658204358173,,
,,,,,0.5812413434068107,0.6097522245179621,,
,,,,,0.5655321179093292,0.6097522245179621,,
,,,,,0.5812413434068107,0.6097522245179621,,
,,,,,0.5465603618411802,0.5836455310342018,,
,,,,,0.5389692457044971,0.5836455310342018,,
,,,,,0.562855876255462,0.5986658204358173,,
,,,,,0.5552497157655233,0.5986658204358173,,
,,,,,0.5552497157655233,0.5986658204358173,,
,,,,,0.5284012212789188,0.5815818534895615,,
,,,,,0.5315861053523807,0.5654066081893829,,
,,,,,0.5346849114779113,0.5764930122715278,,
,,,,,0.5346849114779113,0.5764930122715278,,
,,,,,0.5346849114779113,0.5764930122715278,,
,,,,,0.5178331968533404,0.5607574709936449,,
,,,,,0.5315861053523807,0.5836455310342018,,
,,,,,0.5244025093341053,0.5743813162558811,,
,,,,,0.5346849114779113,0.5764930122715278,,
,,,,,0.507265172427762,0.5543202041072383,,
,,,,,0.507265172427762,0.5543202041072383,,
,,,,,0.5495372701300756,0.5950895610544803,,
,,,,,0.5495372701300756,0.5856436950059964,,
,,,,,0.5420093623200745,0.5856436950059964,,
,,,,,0.5377010827734278,0.5969060737561118,,
,,,,,0.5377010827734278,0.5969060737561118,,
,,,,,0.5377010827734278,0.5785397330251545,,
,,,,,0.5495372701300756,0.5856436950059964,,
,,,,,0.562855876255462,0.6081684525062271,,
,,,,,0.547846386221983,0.6081684525062271,,
,,,,,0.5377010827734278,0.5969060737561118,,
,,,,,0.547846386221983,0.589455577044497,,
,,,,,0.547846386221983,0.589455577044497,,
,,,,,0.5655321179093292,0.58244988610671,,
,,,,,0.547846386221983,0.589455577044497,,
,,,,,0.547846386221983,0.589455577044497,,
