Dissolved Oxygen,Salinity,Temperature,pH,Turbidity,Dissolved Organic Matter,Suspended Matter,Temperature,Chlorophyll
6.9335,0.13054341077804565,32.87554781000006,8.079027227722772,0.06089309975504875,0.598969462557211,0.6470555338509649,32.87554781000006,0.1203366070985794
3.6868999999999996,0.14782609045505524,32.34062768000001,8.074760596180719,0.0412517786026001,0.5990560131527856,0.6498648501969948,32.34062768000001,0.09489953517913818
8.924300000000004,0.1051272600889206,33.02252267000006,8.092063902624572,0.07797452807426453,0.5995789321586801,0.6474125300075723,33.02252267000006,0.0906708613038063
5.7432,0.16867196559906006,32.36284481000001,8.024887240356083,0.06915629655122757,0.599485815542174,0.6471249441613912,32.36284481000001,0.10480602085590363
-2.6417,0.09303977340459824,31.533974960000023,8.07384177545692,0.043952517211437225,0.5993926703920015,0.6414383099715603,31.533974960000023,0.11503943800926208
5.894300000000001,0.12006319314241409,29.94288664999999,7.845635428571429,-0.03305784985423088,0.5999091754404163,0.6346300592155689,29.94288664999999,0.06884202361106873
5.639100000000004,0.11870918422937393,32.57647106000002,8.15230362021858,0.06998975574970245,0.6005425045005592,0.64727433794695,32.57647106000002,0.12237468361854553
-0.4455999999999989,0.10650069266557693,31.240025240000023,8.054222814498935,0.04952901974320412,0.5869871917301145,0.6271349972560686,31.240025240000023,0.08162722736597061
5.4195,0.131474107503891,30.530786089999992,7.854206896551725,-0.027261951938271523,0.6014479568850338,0.6481025583378781,30.530786089999992,0.08577794581651688
7.5653999999999995,0.123050257563591,29.493417020000038,7.796246278755075,-0.06502337753772736,0.5919744932140386,0.6379896043660133,29.493417020000038,0.05821917951107025
-3.440999999999997,0.10976890474557877,28.98413204000002,8.171557123952361,0.014869888313114643,0.5768737936743885,0.6216305146059743,28.98413204000002,0.126679465174675
3.412799999999999,0.14856082201004028,33.01055960000002,8.133603169135377,0.07692307978868484,0.588748328368589,0.6175537681313232,33.01055960000002,0.16189758479595184
-0.2273000000000014,0.12910380959510803,31.698039920000042,8.139431444241316,0.05818575993180275,0.5874693167335887,0.6265038227419221,31.698039920000042,0.14485980570316315
2.0656999999999996,0.12373403459787369,30.852079969999977,8.094647096362477,-0.014029995538294315,0.5829418659039559,0.6204731465259504,30.852079969999977,0.10022074729204178
12.0112,0.1449016034603119,29.341315129999998,7.435268041237114,-0.1943662017583847,0.5750549428822049,0.6114154057113439,29.341315129999998,0.06916192173957825
5.140800000000001,0.20611798763275146,28.898681539999984,8.045914835164835,-0.10803689062595367,0.5669555774894979,0.5969837453336988,28.898681539999984,0.12701483070850372
4.406699999999999,0.12323332577943802,33.495918440000025,8.091369124797406,0.056179776787757874,0.5843495858849219,0.6280207811504981,33.495918440000025,0.1312384456396103
2.527000000000003,0.10496543347835541,29.452400780000005,8.118235152969406,0.036796536296606064,0.577001724997332,0.6136701454736068,29.452400780000005,0.09792843461036682
1.7742000000000013,0.20277777314186096,28.11937297999998,8.070512152777779,-0.16092762351036072,0.5830272804954908,0.6271737166470467,28.11937297999998,0.141007199883461
2.4842999999999993,0.21959754824638367,28.46972003000002,8.203932337844144,-0.10149041563272476,0.5690792594310053,0.5984458035962599,28.46972003000002,0.2175525277853012
13.454,0.11961722373962402,27.09054895999998,7.2444411764705885,-0.1301535964012146,0.5672339341195003,0.6145895372234873,27.09054895999998,-0.017975402995944023
7.489600000000001,0.10049892961978912,33.883863710000014,8.008712074303405,0.042877908796072006,0.581862991902433,0.6106084462976262,33.883863710000014,0.09119696170091629
-0.7855000000000008,0.06339813768863678,31.431434360000026,8.148504408523145,0.08408249914646149,0.5748970254179755,0.6120849006824401,31.431434360000026,0.08379888534545898
3.8458000000000023,0.21044045686721802,28.676510240000027,8.037211693548388,-0.13369713723659515,0.5755504756664563,0.6119703411767495,28.676510240000027,0.08698777854442596
2.8290000000000024,0.233758345246315,27.657940280000048,8.167092777451556,-0.1428571492433548,0.581454769307262,0.6125324947597216,27.657940280000048,0.19480518996715546
12.509,0.08585858345031738,26.67696854000002,7.2084177215189875,-0.17551755905151367,0.566175661854352,0.5992083279757485,26.67696854000002,0.013993541710078716
8.2844,0.07000000029802322,25.957475330000022,7.192477272727273,-0.1420161873102188,0.5651238215519172,0.5987883221383824,25.957475330000022,-0.0401427298784256
6.102100000000005,0.10592459887266159,32.76958919000003,8.121456495346013,0.055802807211875916,0.5833549482919264,0.6134046097020094,32.76958919000003,0.09480481594800949
6.059400000000002,0.11896242946386337,29.70191624000006,8.071126817447496,-0.017809439450502396,0.5848469046814199,0.6143559762532784,29.70191624000006,0.10361641645431519
8.3263,0.12154696136713028,26.516321600000026,7.321923387096775,-0.23146474361419678,0.5820669703150588,0.6148212293342818,26.516321600000026,0.08207343518733978
8.696,0.09302325546741486,25.96602038000003,7.05638425925926,-0.20562389492988586,0.5802859587229963,0.6152749719389566,25.96602038000003,0.04439746215939522
8.75905,0.05426356568932533,25.786574330000008,7.047719298245615,-0.19604316353797913,0.5610475039622718,0.6004317963073094,25.786574330000008,0.05396825447678566
8.8188,0.07430998235940933,26.38472783000003,7.177338521400779,-0.23175621032714844,0.5561800283404391,0.6000707091073838,26.38472783000003,0.055226825177669525
3.8451000000000004,0.11596431583166122,30.701687090000007,8.141299663299664,0.016900047659873962,0.5837476963879381,0.6153907641862765,30.701687090000007,0.1326194405555725
10.1951,0.15028901398181915,27.04440569000002,7.557564738292012,-0.24813278019428253,0.5776731853857794,0.6157986102129474,27.04440569000002,0.09760956466197968
8.60385,0.09793814271688461,26.126667320000024,7.253766798418972,-0.19710668921470642,0.5818265434564356,0.6139731145397581,26.126667320000024,0.06624605506658554
8.43355,0.05398457497358322,25.255072219999988,7.233051587301588,-0.17387305200099945,0.5807934051658521,0.6131324393486949,25.255072219999988,0.058700211346149445
8.584800000000001,0.0595238097012043,26.372764759999995,7.356937500000001,-0.16595013439655304,0.5694616983464525,0.6008631257493955,26.372764759999995,0.0415019765496254
13.0417,0.03405389562249184,28.16722526000001,7.626287907869482,-0.009685230441391468,0.5742474733798622,0.6098313001533554,28.16722526000001,0.03423848748207092
1.1859999999999982,0.15174506604671478,30.869170069999996,8.140256264236902,-0.05568445473909378,0.6006311333357631,0.6321362247821757,30.869170069999996,0.184777170419693
7.6829,0.14600147306919098,28.68163727000001,7.952143041237114,-0.13501805067062378,0.5970475248433316,0.6213180406685239,28.68163727000001,0.10262171924114227
8.2512,0.13641488552093506,27.14523728000006,7.730236111111111,-0.1488698422908783,0.5969958890449422,0.628623667069603,27.14523728000006,0.07692307978868484
,,,,,0.5812413434068107,0.5980711474199167,,
,,,,,0.5770566894396354,0.6135985279750328,,
,,,,,0.5745033412562741,0.5674557539675994,,
,,,,,0.5944513739387837,0.6116636734976422,,
,,,,,0.5745033412562741,0.6116636734976422,,
,,,,,0.5879664498594515,0.6031003820686752,,
,,,,,0.5632619771762812,0.5757039443653253,,
,,,,,0.5632619771762812,0.5757039443653253,,
,,,,,0.5614391228812123,0.5763876782659967,,
,,,,,0.5515232076060231,0.589455577044497,,
,,,,,0.5630643413948159,0.6012046915996673,,
,,,,,0.5643744964759206,0.5656038751659337,,
,,,,,0.5521849825131577,0.5656038751659337,,
,,,,,0.5442019568278418,0.5764930122715278,,
,,,,,0.5865253556195998,0.6012046915996673,,
,,,,,0.5784907617070025,0.6012046915996673,,
,,,,,0.554296380467422,0.5738844466051407,,
,,,,,0.547846386221983,0.5761595865848467,,
,,,,,0.5653893067684431,0.5795396576681477,,
,,,,,0.557644247771615,0.5795396576681477,,
,,,,,0.59933727564239,0.6089248809297423,,
,,,,,0.5758849474650791,0.5894966140520886,,
,,,,,0.5663640274678896,0.5999701032690108,,
,,,,,0.5833549482919264,0.6135032634931238,,
,,,,,0.5825367786589783,0.5908599546376287,,
,,,,,0.5825367786589783,0.5908599546376287,,
,,,,,0.5730812232807311,0.5904479265008009,,
,,,,,0.5833549482919264,0.6135032634931238,,
,,,,,0.5833549482919264,0.6135032634931238,,
,,,,,0.5893227738499001,0.6048869680502583,,
,,,,,0.5893227738499001,0.6048869680502583,,
,,,,,0.5768898039374548,0.5921256396103793,,
,,,,,0.5862104144943342,0.5981302453593852,,
,,,,,0.5849078008605828,0.6143821787131873,,
,,,,,0.5719166159724768,0.5870211082344278,,
,,,,,0.5768898039374548,0.5921256396103793,,
,,,,,0.5768898039374548,0.5921256396103793,,
,,,,,0.5862104144943342,0.5981302453593852,,
,,,,,0.56941355448017,0.5873763686598603,,
,,,,,0.5619702400425207,0.5788943994373353,,
,,,,,0.5702588866508175,0.5874326649157621,,
,,,,,0.5719166159724768,0.5891403180114474,,
,,,,,0.47777301124010146,0.5552842392448161,,
,,,,,0.4833938701958673,0.5552842392448161,,
,,,,,0.47777301124010146,0.5634501839395928,,
,,,,,0.47777301124010146,0.5634501839395928,,
,,,,,0.47777301124010146,0.5552842392448161,,
,,,,,0.4722813674327439,0.5473516072556044,,
,,,,,0.4654903935219463,0.5506798923190713,,
,,,,,0.4654903935219463,0.5506798923190713,,
,,,,,0.4866206595963996,0.5574877481307081,,
,,,,,0.4810273186814984,0.5574877481307081,,
,,,,,0.47777301124010146,0.5473516072556044,,
,,,,,0.4512300661712069,0.5321473959429487,,
,,,,,0.4547894649352349,0.5270793255053968,,
,,,,,0.4547894649352349,0.5270793255053968,,
,,,,,0.4600777145275051,0.5270793255053968,,
,,,,,0.46892536288380327,0.5372154663805006,,
,,,,,0.4372975624377259,0.5068070437551893,,
,,,,,0.432328271955479,0.5068070437551893,,
,,,,,0.4496214028336982,0.5270793255053968,,
,,,,,0.4409748373945886,0.5096622947059227,,
,,,,,0.4409748373945886,0.5096622947059227,,
,,,,,0.4372975624377259,0.5141520733748297,,
,,,,,0.4372975624377259,0.5141520733748297,,
,,,,,0.4372975624377259,0.5141520733748297,,
,,,,,0.4360200639407168,0.516943184630293,,
,,,,,0.4360200639407168,0.516943184630293,,
,,,,,0.46166830299605305,0.539642429688624,,
,,,,,0.4635354161839894,0.5450011977773195,,
,,,,,0.4547894649352349,0.5347181563098229,,
,,,,,0.44456947695916227,0.5270793255053968,,
,,,,,0.44456947695916227,0.5270793255053968,,
,,,,,0.46166830299605305,0.539642429688624,,
,,,,,0.47876712903294394,0.5369415166271194,,
,,,,,0.4810273186814984,0.5655672807123127,,
,,,,,0.44456947695916227,0.5196556730334898,,
,,,,,0.47021771601449847,0.5496358080161912,,
,,,,,0.5042093581360285,0.5496358080161912,,
,,,,,0.47876712903294394,0.5442968798685869,,
,,,,,0.47876712903294394,0.5442968798685869,,
,,,,,0.45653865518498576,0.5177650338904366,,
,,,,,0.45653865518498576,0.5177650338904366,,
,,,,,0.4810273186814984,0.5345772927280763,,
