Dissolved Oxygen,Salinity,Temperature,pH,Turbidity,Dissolved Organic Matter,Suspended Matter,Temperature,Chlorophyll
6.493226515151516,0.10380495339632034,27.15720035000004,7.500010588043656,-0.08662429451942444,0.5869782709521245,0.6012046915996672,27.15720035000004,0.07503163814544678
6.248253333333334,0.13328233361244202,26.32320347000001,7.443083333333334,-0.1422760933637619,0.5858472916246638,0.6014233114875216,26.32320347000001,0.08488491177558899
6.672324999999999,0.1341896653175354,26.012163650000048,7.505689289882396,-0.13193996250629425,0.58178037117553,0.5927813172075027,26.012163650000048,0.08432456851005554
6.506584722222222,0.14576900005340576,25.858352749999995,7.508946140682699,-0.13638322055339813,0.6016734476062428,0.6213658637079716,25.858352749999995,0.0912744551897049
6.413502319902319,0.14765241742134094,27.00509846,7.5657944492627935,-0.14698205888271332,0.5851707935973837,0.6023193237046028,27.00509846,0.09469591826200485
2.744673333333334,0.21323704719543457,28.049303570000006,7.963082372977576,-0.047387879341840744,0.6282817242994716,0.637801432660219,28.049303570000006,0.1754359006881714
4.407720238095239,0.15060098469257355,26.191609700000015,7.7975264558084545,-0.057211924344301224,0.6213508724042761,0.63620801549936,26.191609700000015,0.1304347813129425
7.039396666666667,0.1234830915927887,26.302695350000022,7.68523415610407,-0.05084286630153656,0.6121839938056779,0.6186760749840833,26.302695350000022,0.10383124649524689
8.542108333333333,0.1268688589334488,26.299277329999995,7.5725016359115305,-0.06369449198246002,0.6043072054139426,0.6208386286001069,26.299277329999995,0.08983179926872253
7.102166666666667,0.1565287858247757,24.95941349000003,7.405765441455097,-0.12162675708532333,0.6149853981764367,0.6208095971000553,24.95941349000003,0.08302747458219528
6.475733333333333,0.1236749142408371,24.55779614000005,7.421303066037736,-0.1414521187543869,0.5968077577634059,0.6008359250646628,24.55779614000005,0.0855030044913292
6.404053571428571,0.1722428798675537,24.22112117000006,7.439680547293278,-0.13779622316360474,0.5851308317501565,0.5963454102790894,24.22112117000006,0.10829360783100128
6.679936666666666,0.1437510848045349,23.920335410000007,7.429705889570553,-0.15073902904987335,0.5786180749323763,0.579900086242326,23.920335410000007,0.1163688451051712
6.594862222222222,0.11310486495494843,23.94767956999999,7.439762864634546,-0.14828775823116302,0.5632516686126746,0.5731812267169345,23.94767956999999,0.1031879186630249
6.557740151515152,0.11170568317174911,23.84855699000002,7.4168063685078325,-0.14831393957138062,0.573675107333559,0.5835204596678599,23.84855699000002,0.10088997334241867
6.51519606060606,0.12848232686519623,23.82975787999999,7.453959202413748,-0.14860086143016815,0.5636427433607558,0.5747458116281878,23.82975787999999,0.09332472831010818
6.7305875,0.16587087512016296,24.345878900000002,7.485801891252955,-0.15167173743247986,0.5816780386310081,0.586267568074811,24.345878900000002,0.10691069811582565
7.133245714285714,0.13005273044109344,25.092716269999983,7.475364560639071,-0.14464350044727325,0.5831779283080407,0.5934112654723354,25.092716269999983,0.09629064798355103
-3.0200699999999934,0.24703490734100342,28.855956289999995,8.192037156704362,-0.03160979598760605,0.6393654777474916,0.6604085631702235,28.855956289999995,0.25009119510650635
6.882308333333336,0.20097298920154572,28.49706419000006,8.088134085595202,0.0042427596636116505,0.6395952174089172,0.6651842449286858,28.49706419000006,0.15263207256793976
-0.2458916666666653,0.1959690898656845,28.027086440000005,8.146459704616817,-0.0066225165501236916,0.6223119719748936,0.641305836136374,28.027086440000005,0.2065507173538208
3.592500000000001,0.19053295254707336,26.48726843000003,7.886850016572755,-0.07027187943458557,0.60388711003305,0.619226060733613,26.48726843000003,0.1733812391757965
3.2662749999999994,0.15415790677070618,25.603710260000014,7.85311871592974,-0.07540243119001389,0.614444210306855,0.6275868745631514,25.603710260000014,0.15498773753643036
4.479808333333333,0.18116217851638794,24.282645530000025,7.714262270150699,-0.08517758548259735,0.6139166268621609,0.6282905692064331,24.282645530000025,0.12433043867349625
5.7220025,0.17078189551830292,24.11687156000005,7.605903680501175,-0.11423175781965256,0.6124469749896149,0.6223946151379517,24.11687156000005,0.11200674623250961
6.506768750000001,0.14675767719745636,24.104908490000014,7.506329142857143,-0.1294897347688675,0.6194661126057112,0.6235262417109297,24.104908490000014,0.10721247643232346
6.633947619047619,0.1460956186056137,24.098072450000018,7.446029163688349,-0.13595342636108398,0.6084550505738633,0.6112088323535724,24.098072450000018,0.09832911193370819
6.624608571428572,0.1831081062555313,24.115162550000036,7.433492988133765,-0.1575600504875183,0.5935055156474941,0.598546583917749,24.115162550000036,0.1110835000872612
6.610744696969698,0.1879761964082718,24.05705621000004,7.443002186711523,-0.1534482091665268,0.5860016016160978,0.5882790190064843,24.05705621000004,0.10971204191446304
6.579970054945054,0.17316827178001404,24.12370759999999,7.438742125984253,-0.15411847829818726,0.5604558925223793,0.5622973900473651,24.12370759999999,0.10463421791791916
6.602860227272728,0.1949092596769333,24.09465442999999,7.439091721337083,-0.15673694014549255,0.5611996907609906,0.5781583934960945,24.09465442999999,0.1034303531050682
6.419282828282828,0.1317647099494934,24.161305820000052,7.459390843373495,-0.15113353729248047,0.544140832125525,0.5606080153777084,24.161305820000052,0.10874661058187485
6.315081944444445,0.16084828972816467,24.311698700000022,7.481830263929619,-0.1489361673593521,0.5633243064634713,0.5727475088936788,24.311698700000022,0.11311054229736328
6.318854761904762,0.14826498925685883,24.92523329000005,7.502283879781421,-0.13425573706626892,0.5768490758698855,0.5853621355372436,24.92523329000005,0.10004741698503494
2.7444500000000005,0.16162733733654022,28.348380320000047,8.091528783490224,0.04458246007561684,0.6040570782593838,0.6197077749960994,28.348380320000047,0.13354770839214325
3.847383333333334,0.19148936867713928,24.797057540000026,7.907609668924003,-0.07154741883277893,0.6137125165260201,0.6293876348902023,24.797057540000026,0.1393316239118576
6.036625000000001,0.17630799114704132,24.15105176000003,7.5622396708683475,-0.11079585552215576,0.6049451601762483,0.6216463811743979,24.15105176000003,0.09994256496429443
6.557783333333333,0.1658485233783722,24.145924730000047,7.424252289589614,-0.11382776498794556,0.619824012463508,0.6227233846067859,24.145924730000047,0.09514562785625458
6.8871633333333335,0.11785691231489182,24.139088689999994,7.479276425784879,-0.10877496004104614,0.604066411431516,0.6047374272859051,24.139088689999994,0.09278218448162079
6.567067954545455,0.1254858374595642,24.08952740000001,7.436134749942648,-0.12578032910823822,0.5752879280295982,0.576878626326559,24.08952740000001,0.09619153290987015
6.474342857142857,0.17352056503295898,24.028003040000044,7.448754779717373,-0.1443682610988617,0.5751281039746254,0.5749956278240692,24.028003040000044,0.09621353447437286
6.540454761904762,0.16965973377227783,24.087818390000052,7.435702054180123,-0.14550067484378815,0.5589139899840433,0.5527687183568996,24.087818390000052,0.11277077347040176
6.52803,0.1681501865386963,24.115162550000036,7.437967750903531,-0.16084405779838562,0.5523863895012118,0.5611736175398369,24.115162550000036,0.09137019515037537
6.53830946969697,0.17813606560230255,24.15959681000004,7.447242649334572,-0.15822932124137878,0.5470464597949244,0.5745619961288776,24.15959681000004,0.09046223759651184
6.202954545454546,0.12460296601057053,24.30144464,7.498799061032864,-0.14417177438735962,0.56362796936418,0.580440004300773,24.30144464,0.10000000149011612
6.8012950000000005,0.09370684623718262,24.867126950000056,7.455919529837252,-0.13231559097766876,0.5807243167715085,0.5944503671113497,24.867126950000056,0.07743542641401291
-2.8422416666666663,0.2056317776441574,29.78736674000004,8.159524712002973,0.006018529180437326,0.6047258421303181,0.6212155798014426,29.78736674000004,0.19699886441230774
3.3236500000000015,0.18700501322746277,27.367408580000017,7.945166204417053,-0.06588148325681686,0.6035283652152086,0.6282533910122354,27.367408580000017,0.1448066681623459
5.337475000000001,0.14546117186546326,25.125187460000006,7.691131320754717,-0.06570111960172653,0.601309270607164,0.6118671900083141,25.125187460000006,0.11712010949850082
-3.6815333333333324,0.19449695944786072,27.003389449999986,8.095958071547635,0.009393846616148949,0.6001904668564901,0.6066146839845192,27.003389449999986,0.17795772850513458
-7.101958333333334,0.2078980654478073,25.414010150000024,8.107925229591837,-0.01849045231938362,0.5959437971032352,0.5975916098539448,25.414010150000024,0.17779000103473663
6.544689682539683,0.1747899204492569,24.01262195000004,7.369016091543001,-0.11367977410554886,0.5935616970507354,0.5953579552438809,24.01262195000004,0.08245846629142761
6.510254166666667,0.16080154478549957,24.02116699999999,7.440716671860393,-0.132758229970932,0.568623515913458,0.5845025729299936,24.02116699999999,0.07452839612960815
6.5189892857142855,0.18642830848693848,24.00407690000003,7.454996967190516,-0.1635470986366272,0.5464013578376191,0.5611314589028044,24.00407690000003,0.0966031476855278
6.461713199300699,0.19009758532047272,24.053638190000015,7.459315160796325,-0.146182119846344,0.5644642126421684,0.5935359738050735,24.053638190000015,0.07865168899297714
6.343479924242425,0.1293947696685791,24.28435453999998,7.481467819977465,-0.1506737470626831,0.5672342330664678,0.5740187933347402,24.28435453999998,0.09491433203220367
7.181850000000001,0.11100395768880844,25.396920050000006,7.413849868962935,-0.11450818926095963,0.5812930967095803,0.593557798992564,25.396920050000006,0.08689655363559723
5.0611000000000015,0.18226002156734467,30.40090133000001,8.113487035436474,0.05916108936071396,0.6165492591143882,0.6365255132877673,30.40090133000001,0.1413380652666092
-0.16651666666666642,0.21272620558738708,29.85572714,8.140546363817494,0.0028209881857037544,0.5988444322675186,0.6169603739821236,29.85572714,0.21780404448509216
1.8731499999999999,0.19260667264461517,24.817565660000014,7.8929862678705796,-0.08015380054712296,0.6168262390067475,0.6183468502673426,24.817565660000014,0.14957615733146667
4.650500000000001,0.1733599454164505,24.20744909000001,7.6751872909699,-0.08968531340360641,0.6142604060657877,0.6239171672543222,24.20744909000001,0.11075624823570251
6.557254166666667,0.14058654010295868,23.93058947000003,7.488568873221047,-0.11931945383548737,0.5955502614343636,0.6152350430945347,23.93058947000003,0.1071491613984108
6.534448611111112,0.1912452131509781,24.028003040000044,7.451707414553473,-0.16154122352600098,0.572838114180169,0.579299696849286,24.028003040000044,0.09389515966176987
6.474183333333333,0.14722754061222076,24.070728290000034,7.478089963280294,-0.15811258554458618,0.5643527397021085,0.5809093791345382,24.070728290000034,0.09439002722501755
6.372549047619048,0.13265755772590637,25.094425279999996,7.492065388513514,-0.1481708586215973,0.5852602857688501,0.5919506271060611,25.094425279999996,0.09470026195049286
9.36085,0.14394830167293549,28.59618677000003,7.712710689869485,-0.07191827148199081,0.584628007604969,0.598290010127948,28.59618677000003,0.10139268636703491
1.3747166666666661,0.18791846930980682,30.872588090000022,8.133899710752045,0.037268467247486115,0.6262219356626685,0.6455330502419039,30.872588090000022,0.1679197996854782
5.516250000000001,0.15459610521793365,24.97992161000002,7.65902974484923,-0.07911162823438644,0.6171392097757518,0.6344031700653193,24.97992161000002,0.10748452693223953
6.773230555555556,0.16139093041419983,24.186940970000023,7.411646898002104,-0.14197967946529388,0.6171475391554374,0.6337848433888423,24.186940970000023,0.0913059264421463
6.328871561771561,0.12191411107778549,23.945970559999978,7.438704013377927,-0.15819497406482697,0.6003044336206423,0.6156612216175823,23.945970559999978,0.0920676738023758
6.576695202020201,0.17190928757190704,24.02629403000003,7.441324961190941,-0.15015479922294617,0.6008241667660237,0.6080099514761239,24.02629403000003,0.09440809488296509
6.5098214285714295,0.15021459758281708,24.08098235,7.444524395243953,-0.1493207961320877,0.5972983248696203,0.6077767596428698,24.08098235,0.09090909361839294
6.671072222222223,0.1301765888929367,26.11128623000002,7.448993566104355,-0.13968053460121155,0.5933699362347199,0.6156555837878375,26.11128623000002,0.08087340742349625
12.00635416666667,0.12836767733097076,30.36330311000006,7.918331464756567,0.05961025506258011,0.6004004639012195,0.616328904905675,30.36330311000006,0.0943102091550827
-4.7092833333333335,0.15347163379192352,28.908935600000007,8.112074783733528,0.05929849296808243,0.6358614394176545,0.6359885496388222,28.908935600000007,0.12731149792671204
6.572441666666666,0.10787931084632874,25.019228839999982,7.561456578263131,-0.12045851349830627,0.6186527770558167,0.6191438916703523,25.019228839999982,0.10041798651218414
6.4134014285714285,0.14808909595012665,23.97673273999999,7.444434640522877,-0.15432590246200562,0.603283222923017,0.619389951478665,23.97673273999999,0.09385914355516434
6.5128045454545465,0.17697709798812866,23.97844175,7.447062491133495,-0.15221723914146423,0.602286026052559,0.6180260102283154,23.97844175,0.09016776829957962
6.298046666666668,0.09655358642339706,24.209158100000025,7.4745031528375545,-0.14934533834457397,0.5900839760894374,0.6001111068185452,24.209158100000025,0.07988493144512177
5.921662500000001,0.10693998634815216,28.527826370000014,7.728147727272727,-0.06339903920888901,0.5877710472506579,0.616928984726652,28.527826370000014,0.08397742360830307
9.359304166666663,0.06824542582035065,31.629679520000025,8.010958756633814,0.12960301339626312,0.593377234508937,0.6089110269293116,31.629679520000025,0.06004618853330612
7.432425,0.10204081982374191,26.84616053000002,7.46337344573235,-0.12088023126125336,0.6345827157050857,0.6343677996834021,26.84616053000002,0.09774670004844666
6.194028571428571,0.15259775519371033,24.212576119999994,7.466109799291618,-0.14578552544116974,0.6329149556112483,0.6347039776376593,24.212576119999994,0.09173715114593506
6.276365909090909,0.13847507536411285,24.00407690000003,7.478292890995261,-0.16459959745407104,0.6323677318440684,0.6348349617391734,24.00407690000003,0.09127248823642731
6.1687666666666665,0.12191576510667801,24.209158100000025,7.485081960784314,-0.15039901435375214,0.6063263868468574,0.61100915440753,24.209158100000025,0.08344370871782303
2.141387500000002,0.10818619281053543,29.63184683000003,7.924105060240964,-0.012118274345993996,0.5886876229977265,0.6191438916703523,29.63184683000003,0.09412156790494919
8.195529166666676,0.09138543158769608,31.32034871000002,8.050751742563067,0.12883467972278595,0.5946605650381169,0.6186225265613581,31.32034871000002,0.08844708651304245
7.108877142857144,0.09752683341503143,24.884217050000018,7.463236427919709,-0.1268266886472702,0.648338918605897,0.6512398726553933,24.884217050000018,0.09182548522949219
6.0521,0.16075541079044342,24.092945419999978,7.498058237547893,-0.15576261281967163,0.6344479866130462,0.6444968636538354,24.092945419999978,0.08995632827281952
6.33161,0.16474445164203644,24.34416988999999,7.500036509758898,-0.14146490395069122,0.6101005149802109,0.6264479144804241,24.34416988999999,0.07920953631401062
1.705874999999999,0.11826995015144348,29.472908899999993,7.965801068090788,-0.009147575125098228,0.6064189880014605,0.6257504732509211,29.472908899999993,0.1112402006983757
6.307166666666669,0.12939083576202393,31.284459500000025,8.119172681412495,0.1065010279417038,0.6076853140282804,0.6296267977255849,31.284459500000025,0.11375162750482559
6.536343181818182,0.1635291427373886,25.393502030000036,7.47880682576769,-0.15780816972255707,0.6353391477803912,0.6522854138522203,25.393502030000036,0.08927182108163834
6.428074444444444,0.1409163475036621,24.429620390000025,7.482728510307274,-0.1485188901424408,0.6186875802442646,0.6357146527612861,24.429620390000025,0.08077410608530045
4.265258333333334,0.14425086975097656,29.34302414000001,7.834288424788426,-0.08149151504039764,0.6222226900342441,0.6356734823300972,29.34302414000001,0.12030278146266937
2.901349999999999,0.19347886741161346,30.469261730000028,7.990765452538632,-0.004734733607620001,0.621253227792671,0.6315697248092551,30.469261730000028,0.12392690777778625
6.1753,0.1299782246351242,25.49433362000002,7.605237663960025,-0.10149844735860825,0.6270647157353695,0.6372868208383433,25.49433362000002,0.09316592663526535
-5.412099999999997,0.1890881210565567,30.56496629000003,8.143799514241556,0.006700583733618259,0.6286450694934854,0.6382758016401988,30.56496629000003,0.18267953395843506
6.639850000000001,0.1401982605457306,26.825652410000032,7.808081823297693,-0.05385196954011917,0.6323374300695777,0.6347951169877815,26.825652410000032,0.10298685729503632
3.029712500000003,0.16358719766139984,28.09886486000005,7.944584615384616,-0.028071707114577293,0.6189541410285146,0.6346411162709433,28.09886486000005,0.12104851752519608
6.210345833333333,0.07487647235393524,26.292441290000056,7.483904271784554,-0.1151653379201889,0.6261862877537256,0.6366417936917459,26.292441290000056,0.08929095417261124
5.283191666666668,0.11431198567152023,26.622280219999993,7.686144826541433,-0.07732000201940536,0.6170120553146932,0.6315793362532942,26.622280219999993,0.12861090898513794
6.368981666666667,0.11641484498977661,26.680386559999988,7.479579660839527,-0.08903153985738754,0.6086450436672912,0.6246115254813955,26.680386559999988,0.10643889755010605
5.703283333333336,0.12228929251432419,28.38768755000001,7.846700505334082,-0.06200684979557991,0.6182294288963349,0.6254792330714944,28.38768755000001,0.10726672410964966
,,,,,0.5142140104062245,0.556592329325487,,
,,,,,0.5142140104062245,0.5600555704857344,,
,,,,,0.5142780549958877,0.5547141772444858,,
,,,,,0.4992261047189227,0.5348117661547706,,
,,,,,0.49495291096106875,0.532644265593689,,
,,,,,0.5376296369744943,0.564996000630785,,
,,,,,0.5237043215342173,0.5537188418560632,,
,,,,,0.5326284310491501,0.5503278702272416,,
,,,,,0.5194590467649678,0.5446121097217925,,
,,,,,0.4959778583815945,0.5258123078960089,,
,,,,,0.47505785989266597,0.49688144586562166,,
,,,,,0.4742214904210239,0.49688144586562166,,
,,,,,0.4742214904210239,0.49688144586562166,,
,,,,,0.46568605993368317,0.5050890537763582,,
,,,,,0.4673534456631412,0.5332491503858948,,
,,,,,0.4673534456631412,0.5461393970237218,,
,,,,,0.4673534456631412,0.5468351160008221,,
,,,,,0.4862353348773648,0.5386778946659633,,
,,,,,0.5112018201073566,0.5498402761149649,,
,,,,,0.498579124954684,0.5344752498184646,,
,,,,,0.5017273430344459,0.5466275971930971,,
,,,,,0.5219381319607964,0.5491000324881398,,
,,,,,0.5114823413196793,0.5383296266375496,,
,,,,,0.47862923527458184,0.49561190308716413,,
,,,,,0.46465489794383,0.4923707219027687,,
,,,,,0.4532123261854595,0.4803649371244837,,
,,,,,0.4545982966019288,0.4818339430484118,,
,,,,,0.4448965036866437,0.4774823594624361,,
,,,,,0.4448965036866437,0.4774823594624361,,
,,,,,0.4448965036866437,0.4774823594624361,,
,,,,,0.4673534456631412,0.5332491503858948,,
,,,,,0.48986557548432963,0.5478648295783946,,
,,,,,0.48986557548432963,0.5496040830056275,,
,,,,,0.471215870833911,0.5214617052613634,,
,,,,,0.5279546118928746,0.5479614388852825,,
,,,,,0.4656694282886855,0.48900030978541237,,
,,,,,0.4591858463167453,0.48484540519246433,,
,,,,,0.4598986452875432,0.4948631834883472,,
,,,,,0.46340389812009836,0.507478311362812,,
,,,,,0.4433241843066155,0.4822948076519971,,
,,,,,0.4433241843066155,0.4822948076519971,,
,,,,,0.4505874995308054,0.4915697077991509,,
,,,,,0.4505874995308054,0.4915697077991509,,
,,,,,0.4531188899776077,0.48522687285980703,,
,,,,,0.49309575420352286,0.533066476074111,,
,,,,,0.49149882247392623,0.5187446829014571,,
,,,,,0.495187430227101,0.51640339014582,,
,,,,,0.47589718473346576,0.5013444528644148,,
,,,,,0.44968372042244853,0.47738624511258027,,
,,,,,0.4586820291529905,0.5005694186012791,,
,,,,,0.44291063562722505,0.4822948076519971,,
,,,,,0.434798719223796,0.4730199075048433,,
,,,,,0.4505874995308054,0.4915697077991509,,
,,,,,0.4505874995308054,0.4915697077991509,,
,,,,,0.4588184986565712,0.49775297456392004,,
,,,,,0.49309575420352286,0.5332967423704713,,
,,,,,0.48624215057580933,0.5107760145797781,,
,,,,,0.5224074163808297,0.5439728936305698,,
,,,,,0.501320658688374,0.5279736908767294,,
,,,,,0.4820347057363289,0.5080065870540181,,
,,,,,0.45242569432746343,0.48780177961436966,,
,,,,,0.47213979627943675,0.5099745877786592,,
,,,,,0.47213979627943675,0.5099745877786592,,
,,,,,0.4622658426156218,0.5042570712079933,,
,,,,,0.4943800945185007,0.5288826879923785,,
,,,,,0.4889172832122898,0.5323677468315379,,
,,,,,0.5126387441695816,0.534163105776066,,
,,,,,0.5011682352591591,0.5340966538035455,,
,,,,,0.5020085385165934,0.5192344961691095,,
,,,,,0.5108691878624175,0.5228114767158795,,
,,,,,0.5108691878624175,0.5243446482018498,,
,,,,,0.5081614006475991,0.5243446482018498,,
,,,,,0.4885015372231637,0.529866513599639,,
,,,,,0.4775426037308228,0.5261436817323103,,
,,,,,0.4934534969408675,0.5362408374502021,,
,,,,,0.48098200287191945,0.5069554499173431,,
,,,,,0.4987056357704552,0.519477219849069,,
,,,,,0.4987056357704552,0.519477219849069,,
,,,,,0.4900472945124594,0.5132474069700645,,
,,,,,0.47167896772938583,0.5305100193400473,,
,,,,,0.47171768975635364,0.5295259801993875,,
,,,,,0.47817016253789035,0.5157736299139348,,
,,,,,0.4778584957652831,0.5240845566104797,,
,,,,,0.4785405180854671,0.5291065536804176,,
,,,,,0.5079256739543606,0.5365078301935465,,
,,,,,0.4940012234038218,0.5463701957336579,,
,,,,,0.48716015034983234,0.5313882698431727,,
,,,,,0.4724057174504987,0.5135271371530481,,
,,,,,0.4724057174504987,0.5281159762767142,,
,,,,,0.4926812987204639,0.5469292680524751,,
,,,,,0.5175649728831481,0.5386798946655722,,
,,,,,0.5078853010004121,0.518843711044375,,
,,,,,0.488364667205093,0.5381945254423004,,
,,,,,0.5046770848133346,0.5425816586084967,,
,,,,,0.511912889976184,0.536321101009168,,
,,,,,0.508539708036877,0.5392426945555213,,
,,,,,0.49706888755484213,0.5378360464340783,,
,,,,,0.4961571759512417,0.5432971509055629,,
,,,,,0.49495291096106875,0.5495780428235463,,
,,,,,0.4928405703682048,0.5327971485631476,,
,,,,,0.5116381480521393,0.5441057643911049,,
,,,,,0.5131053964524238,0.5417267097122507,,
,,,,,0.4947133891509659,0.5238970487190271,,
,,,,,0.4951358600212911,0.5238970487190271,,
,,,,,0.3860437157814219,0.47074577333414697,,
,,,,,0.3860437157814219,0.47074577333414697,,
,,,,,0.421504513779903,0.5058685121926797,,
,,,,,0.434798719223796,0.5255776750053814,,
,,,,,0.434798719223796,0.5255776750053814,,
,,,,,0.4221038661077728,0.5185025909187706,,
,,,,,0.4084230616238231,0.49803538338250325,,
,,,,,0.4196127345450238,0.5166479572261639,,
,,,,,0.4196127345450238,0.5166479572261639,,
,,,,,0.4196127345450238,0.5166479572261639,,
,,,,,0.39163855224202215,0.47301990750484335,,
,,,,,0.38044887932082155,0.4551700996744719,,
,,,,,0.3860437157814219,0.46186377761086117,,
,,,,,0.3860437157814219,0.47074577333414697,,
,,,,,0.3860437157814219,0.47074577333414697,,
,,,,,0.41055634459081464,0.49272907031754515,,
,,,,,0.44023370321409344,0.5321473959429487,,
,,,,,0.434798719223796,0.5255776750053814,,
,,,,,0.4317150403640528,0.520755861473222,,
,,,,,0.41849376725290366,0.5012275166679762,,
,,,,,0.41849376725290366,0.5058685121926797,,
,,,,,0.4135313905661104,0.48820862013114563,,
,,,,,0.40250388681768073,0.48407177450261996,,
,,,,,0.40250388681768073,0.4886384893564183,,
,,,,,0.38044887932082155,0.46186377761086117,,
,,,,,0.37485404286022117,0.4571009683099687,,
,,,,,0.3692592063996209,0.4636531766631632,,
,,,,,0.3692592063996209,0.4636531766631632,,
,,,,,0.36635818008671706,0.4611944098172222,,
,,,,,0.37199445978035883,0.4682897084297949,,
,,,,,0.3747705378384212,0.4502785657978796,,
,,,,,0.37485404286022117,0.45274762575463573,,
,,,,,0.42455889431453997,0.5154132011019755,,
,,,,,0.4300726461887548,0.5221068790383648,,
,,,,,0.40801763869189556,0.47732008848216,,
,,,,,0.40801763869189556,0.4816991718627303,,
,,,,,0.40801763869189556,0.48615934937997785,,
,,,,,0.3832670191676425,0.46842748121838856,,
,,,,,0.3832670191676425,0.4824803056549402,,
,,,,,0.3747705378384212,0.4682897084297949,,
,,,,,0.36909219635602086,0.4658529392093153,,
,,,,,0.3775883614311913,0.4778466412548927,,
,,,,,0.3775883614311913,0.4636531766631632,,
,,,,,0.3804488793208215,0.4571009683099687,,
,,,,,0.4283572567167769,0.5135644710052585,,
,,,,,0.43962981610406043,0.5270793255053968,,
,,,,,0.4300726461887548,0.5031211743460605,,
,,,,,0.4300726461887548,0.512438233130247,,
,,,,,0.3889032988612843,0.4662624802547742,,
,,,,,0.3832670191676425,0.4730199075048433,,
,,,,,0.3804488793208215,0.4753850070423675,,
,,,,,0.3747705378384212,0.45465020235902415,,
,,,,,0.3775883614311913,0.47301990750484324,,
,,,,,0.3775883614311913,0.45910755728411257,,
,,,,,0.3804488793208215,0.4571009683099687,,
,,,,,0.4283572567167769,0.5135644710052585,,
,,,,,0.43962981610406043,0.5270793255053968,,
,,,,,0.45090237549134404,0.5354942349111433,,
,,,,,0.44526609579770227,0.533836752755466,,
,,,,,0.3918055622856222,0.47074577333414697,,
,,,,,0.38612722080322187,0.46392337082205787,,
,,,,,0.3947514687689727,0.4753161206480707,,
,,,,,0.3890304329897123,0.459505053004705,,
,,,,,0.3974839037680225,0.47301990750484335,,
,,,,,0.44526609579770227,0.528800556974754,,
,,,,,0.45090237549134404,0.5405941800055353,,
,,,,,0.4416399578129816,0.5353725316759362,,
,,,,,0.4300726461887548,0.5221068790383648,,
,,,,,0.4028282251632228,0.48194481142002904,,
,,,,,0.3889032988612843,0.47074577333414697,,
,,,,,0.38612722080322187,0.4551700996744719,,
,,,,,0.39453957855492605,0.4641784139066219,,
,,,,,0.4475869168480253,0.5304896158932821,,
,,,,,0.4475869168480253,0.5354942349111433,,
,,,,,0.4411001499371844,0.5354942349111433,,
,,,,,0.4084230616238231,0.4886384893564183,,
,,,,,0.40581213794220966,0.49121298087041415,,
,,,,,0.4088405867328231,0.48194481142002904,,
,,,,,0.4170846973294932,0.490702894701286,,
,,,,,0.441992080387425,0.5238584956946162,,
,,,,,0.441992080387425,0.528800556974754,,
,,,,,0.434798719223796,0.511372872978209,,
,,,,,0.4332118625842931,0.5172273754959501,,
,,,,,0.4363972439268247,0.5172273754959501,,
,,,,,0.4276578643460329,0.5058685121926797,,
,,,,,0.43558639806296956,0.5190079540678142,,
,,,,,0.43558639806296956,0.5190079540678142,,
,,,,,0.4269785983744472,0.5172273754959501,,
,,,,,0.4300726461887548,0.5172273754959501,,
,,,,,0.421504513779903,0.5012275166679762,,
,,,,,0.43876586082255326,0.5142464132048067,,
,,,,,0.44431985906081345,0.520755861473222,,
,,,,,0.45212765368561403,0.538717116880516,,
,,,,,0.44887493675262397,0.5337747580100526,,
,,,,,0.43876586082255326,0.5142464132048067,,
,,,,,0.46618383804100666,0.5561179993638022,,
,,,,,0.4674086231655807,0.5497258384515746,,
,,,,,0.45212765368561403,0.5289222602099611,,
,,,,,0.46409366839135674,0.5497258384515746,,
,,,,,0.46949010639590744,0.5561179993638022,,
,,,,,0.47077127513080075,0.5497258384515746,,
,,,,,0.46618383804100666,0.5462752029148853,,
,,,,,0.4674086231655807,0.5399961775940246,,
,,,,,0.47284360715587814,0.5321473959429487,,
