Dissolved Oxygen,Salinity,Temperature,pH,Turbidity,Dissolved Organic Matter,Suspended Matter,Temperature,Chlorophyll
8.6481,0.13134850561618805,32.333791640000015,7.371879839115134,-0.1331828385591507,0.5221332895506446,0.5704906763240231,32.333791640000015,0.05496308580040932
8.5907,0.15880654752254486,32.53545482000004,7.329360165118679,-0.13578347861766815,0.5070031552932436,0.5692123886951939,32.53545482000004,0.052542850375175476
8.607483333333334,0.14019933342933655,32.333791640000015,7.3328313767342586,-0.13498622179031372,0.4826542138502287,0.5497754670300857,32.333791640000015,0.06028217077255249
8.67225,0.14162473380565643,31.88603102000002,7.287873070325901,-0.15811476111412048,0.4898033764749992,0.5528420168962856,31.88603102000002,0.06869545578956604
8.349350000000001,0.08551881462335587,32.4124061,7.309844444444445,-0.16935484111309052,0.4922992744834647,0.5364389072005532,32.4124061,0.07207207381725311
6.557650000000001,0.15792426466941833,28.078356740000004,7.850519510328998,-0.07228554040193558,0.5146717606839228,0.5699126950098676,28.078356740000004,0.09029411524534225
7.071999999999999,0.1588132679462433,28.57396964000003,7.6304071588366895,-0.12743152678012848,0.5389880388718218,0.5857604035940807,28.57396964000003,0.1126362532377243
7.75225,0.09654350578784943,28.53978944000005,7.41179537456008,-0.1535700112581253,0.5393639022183153,0.6010480229658649,28.53978944000005,0.08613264560699463
7.563416666666667,0.10044977813959122,28.12962704000006,7.350872981700754,-0.170864537358284,0.505689814749415,0.5670350675441878,28.12962704000006,0.08489857614040375
7.2476166666666675,0.0793650820851326,27.685284440000032,7.315984198645599,-0.16849616169929504,0.5037667919282601,0.567623889005812,27.685284440000032,0.07480916380882263
7.81345,0.0926365777850151,27.65452226000002,7.270730243612597,-0.18288590013980865,0.5055589765049778,0.567623889005812,27.65452226000002,0.0860896110534668
7.33022,0.10119840502738953,27.98948822,7.3277673267326735,-0.16845287382602692,0.50573463095923,0.5663017836742767,27.98948822,0.07659444957971573
7.849991666666667,0.1700182855129242,29.093508680000014,7.308043918918919,-0.1747613102197647,0.50573463095923,0.5674766836404059,29.093508680000014,0.08302582800388336
8.465633333333333,0.1436217725276947,29.387458400000014,7.175133204633205,-0.16749584674835205,0.5079214016288328,0.5696847641214969,29.387458400000014,0.07664009928703308
8.154483333333333,0.026859503239393234,28.39281458000005,7.21213358778626,-0.1567436158657074,0.4890079991959869,0.5482530177936266,28.39281458000005,0.05834463983774185
8.13205,0.08066970854997635,28.519281320000005,7.21573754789272,-0.1582150161266327,0.4903300773855308,0.5486737125871396,28.519281320000005,0.0439990796148777
8.115225,0.049450550228357315,29.86598120000002,7.222707224334601,-0.14028875529766083,0.4901811122164643,0.5499888575414793,29.86598120000002,0.053673163056373596
8.957966666666668,0.06699752062559128,30.38893826000003,7.219655990510083,-0.15368935465812683,0.49211309584875096,0.5521029232908092,30.38893826000003,0.05978260934352875
4.452000000000002,0.16894477605819702,31.889449040000045,8.043793293718167,-0.007824726402759552,0.5563008057624457,0.6055914675379804,31.889449040000045,0.1381966471672058
10.9255,0.18163934350013733,31.161410779999983,7.880678891605543,-0.03230370208621025,0.54533578374587,0.605922781818893,31.161410779999983,0.08064515888690948
7.399600000000003,0.17169304192066193,31.041780080000024,7.988441233140655,-0.02905982919037342,0.5474594890565719,0.6084756082903211,31.041780080000024,0.12883435189723969
7.294566666666666,0.11288711428642273,29.39771245999998,7.727213450292398,-0.08979777246713638,0.5413083017773584,0.5892705627390845,29.39771245999998,0.10937201976776123
7.548375000000002,0.110796257853508,29.1652871,7.627680060422961,-0.09330236166715622,0.539641313617276,0.5870787400402855,29.1652871,0.10061443597078323
7.66493,0.13380281627178192,28.242421700000023,7.440456011730205,-0.14054927229881287,0.5286830352636008,0.5883477809930291,28.242421700000023,0.11073965579271317
7.9480916666666666,0.13989637792110443,28.11253694000004,7.366006217896729,-0.1498771458864212,0.5074155177663595,0.5666165706579757,28.11253694000004,0.09739130735397339
7.599825000000001,0.12285714596509933,27.958726039999988,7.323288590604028,-0.1480114758014679,0.5161128207840603,0.5662707226037459,27.958726039999988,0.07245945185422897
7.391299999999999,0.08852458745241165,27.85276742000002,7.302358391608392,-0.1631557196378708,0.5180009432727939,0.5670362866362406,27.85276742000002,0.06764841079711914
7.5729500000000005,0.042873695492744446,28.567133600000034,7.253749097472925,-0.18559865653514862,0.506608093188866,0.5641991780418227,28.567133600000034,0.08051047474145889
7.510033333333334,0.04440497234463692,29.60621168,7.244323671497585,-0.17314846813678741,0.4914952706942565,0.5487265676389933,29.60621168,0.07648725062608719
8.175483333333332,0.11433172225952148,29.336188100000015,7.111928958051421,-0.1754148304462433,0.5067389637426709,0.5651590210014443,29.336188100000015,0.07765151560306549
7.899116666666667,0.05739130452275276,29.319098000000054,7.174211267605634,-0.16873449087142944,0.4920051205601219,0.5505480666187077,29.319098000000054,0.06337372213602066
8.047799999999999,0.018323153257369995,29.373786320000022,7.205425252525253,-0.15617334842681885,0.4932989105375431,0.5511368880803319,29.373786320000022,0.034611787647008896
8.0727,0.03265940770506859,29.927505559999986,7.168257113821139,-0.1519704908132553,0.49335756439992196,0.5522254468296851,29.927505559999986,0.0449230782687664
8.1693,0.0731707289814949,30.453880640000023,7.285524734982332,-0.14009661972522736,0.4937812897629908,0.5536866953025442,30.453880640000023,0.042152468115091324
8.960116666666668,0.11970726400613785,30.88113314000003,7.7502384887839435,-0.07619395107030869,0.5556763714561377,0.6036362807554255,30.88113314000003,0.09950248897075653
7.671525000000001,0.12727272510528564,28.765378760000033,7.49991598173516,-0.11294543743133545,0.5414332928503574,0.6027346450267901,28.765378760000033,0.10380364954471588
7.668166666666666,0.10511363297700882,28.526117360000057,7.35405364806867,-0.13010910153388977,0.5411179311686188,0.6037154197734688,28.526117360000057,0.09575128555297852
7.92055,0.08419498056173325,28.379142500000057,7.278737352941176,-0.15596330165863037,0.552415098264121,0.6047877384586792,28.379142500000057,0.07832422852516174
8.223266666666667,0.1036970242857933,28.13304506000003,7.261212996389892,-0.1603866070508957,0.5367885422516,0.5888214616242863,28.13304506000003,0.08558352291584015
7.449250000000001,0.07340946048498154,29.906997440000055,7.2613066202090595,-0.1832125335931778,0.5083132409658361,0.58227069832449,29.906997440000055,0.0952766165137291
7.062633333333333,0.0859375,29.749768520000032,7.317908163265306,-0.17402376234531403,0.5070031552932436,0.567799951006124,29.749768520000032,0.07757939398288727
7.31765,0.08568598330020905,29.47632692000002,7.252256317689531,-0.1728813499212265,0.5080161201293576,0.5678757185927711,29.47632692000002,0.07277218252420425
7.659350000000001,0.09766555577516556,29.34302414000001,7.170129921259843,-0.1765204519033432,0.49275684725310903,0.55171628001677,29.34302414000001,0.06528118252754211
7.64155,0.05096660926938057,29.353278199999977,7.229922480620155,-0.15352925658226013,0.4940894536634046,0.551733951210937,29.353278199999977,0.03142677620053291
7.7653,0.03105590119957924,29.10034472000001,7.184777353689568,-0.15668581426143646,0.49540702553984034,0.5523462273969598,29.10034472000001,0.03745318204164505
8.05925,0.0679347813129425,29.452400780000005,7.2629945255474455,-0.15068493783473969,0.4953349494275769,0.5519789759159779,29.452400780000005,0.03347088396549225
0.935316666666667,0.23097321391105652,32.39189798000001,8.099152189519025,-0.05001593008637428,0.5421856009644558,0.6040196787087022,32.39189798000001,0.19208887219429016
7.842350000000001,0.18582461774349213,30.628199660000007,7.70297389558233,-0.12131935358047485,0.5409076294592405,0.6030375918154667,30.628199660000007,0.12916886806488037
8.00665,0.11702127754688263,29.910415460000024,7.321581512605043,-0.15177655220031738,0.5523554099768964,0.604106807403792,29.910415460000024,0.07778191566467285
6.915650000000001,0.15136820077896118,29.86598120000002,7.838809484193012,-0.11089975386857986,0.5514140440238358,0.6172869774333509,29.86598120000002,0.09681159257888794
6.32255,0.15841451287269592,29.845473080000033,7.67691495601173,-0.10884886234998703,0.5173299575949796,0.5785189541342548,29.845473080000033,0.0737927258014679
7.244416666666666,0.07320261746644974,29.15161502000001,7.265816399286988,-0.1710864007472992,0.5039967112652121,0.5670061391266079,29.15161502000001,0.06286267191171646
7.15538,0.08517350256443024,29.025148280000053,7.302317375886526,-0.17687074840068817,0.5180009432727939,0.5691573700027104,29.025148280000053,0.06428226083517075
7.50954,0.08257775008678436,28.331290220000028,7.250896855345912,-0.1568872183561325,0.5063649680401352,0.5689725647147655,28.331290220000028,0.04087107628583908
7.568275000000001,0.04557640850543976,28.351798340000016,7.24245925925926,-0.16242171823978424,0.5085793309055542,0.5700226554406674,28.351798340000016,0.06064153462648392
7.641933333333334,0.06122449040412903,28.63891202000002,7.23323595505618,-0.16432838141918182,0.496751904605425,0.5547919659830742,28.63891202000002,0.06496736407279968
7.95735,0.08187919110059738,30.334249940000007,7.290121951219513,-0.1581755131483078,0.49562548305303167,0.5519680674561467,30.334249940000007,0.035747021436691284
9.467633333333334,0.13629841804504395,30.78542858000003,7.320017857142858,-0.1390906572341919,0.5407762136114612,0.6039600370424206,30.78542858000003,0.06976744532585144
8.4969,0.14610673487186432,30.730740260000005,7.829555761099366,-0.09931766241788864,0.5402612612298813,0.6087443696014034,30.730740260000005,0.11011236160993576
6.4673,0.13919667899608612,29.845473080000033,7.660435897435898,-0.12118779867887497,0.525154324557323,0.5920139779865304,29.845473080000033,0.08654848486185074
7.267080952380952,0.07034327834844589,29.729260400000044,7.273197633136095,-0.16455696523189545,0.50573463095923,0.5684201195234324,29.729260400000044,0.07423167675733566
7.542606666666666,0.07376030832529068,29.13452491999999,7.20384030418251,-0.16601012647151947,0.507265172427762,0.569747170386133,29.13452491999999,0.06880301237106323
7.2537400000000005,0.020236920565366745,29.370368299999996,7.287831501831502,-0.1521196961402893,0.506608093188866,0.5670061391266079,29.370368299999996,0.04998447746038437
7.2508,0.044247787445783615,28.72094450000003,7.310437275985663,-0.16430358588695526,0.5085793309055542,0.5685052925601688,28.72094450000003,0.06369724124670029
7.6203,0.062003180384635925,30.23170934000001,7.297812949640289,-0.16363130509853363,0.5078269278789556,0.567623889005812,30.23170934000001,0.06322018057107925
8.03595,0.09677419066429138,30.925567399999977,7.358349726775957,-0.15725314617156982,0.49390229856732004,0.5523449273917176,30.925567399999977,0.04070305451750755
7.23432,0.1618969738483429,30.908477300000015,7.803353138075314,-0.11731843650341034,0.540732861682375,0.5880126781224,30.908477300000015,0.09824704378843307
8.072875,0.1313394010066986,29.920669520000047,7.281455242966752,-0.16470424830913544,0.5236709024545331,0.5873494079702255,29.920669520000047,0.0878838300704956
7.433683333333334,0.07246376574039459,29.742932480000036,7.272553507728895,-0.153932586312294,0.5042636033601421,0.567623889005812,29.742932480000036,0.07678160816431046
7.536882142857143,0.06877113878726959,28.529535380000027,7.207315789473684,-0.1375291347503662,0.5067389637426709,0.567623889005812,28.529535380000027,0.04735632240772247
7.382128571428572,0.0001767721405485645,29.807874860000027,7.248031365313654,-0.15920397639274597,0.506608093188866,0.5807298545959144,29.807874860000027,0.0602409653365612
7.74221,0.04969485476613045,29.698498220000033,7.235794921875001,-0.17361894249916077,0.5077908358188788,0.567623889005812,29.698498220000033,0.07420271635055542
7.93225,0.07382550090551376,30.286397660000034,7.292074754901961,-0.1679335981607437,0.5064787147960912,0.5669196410045642,30.286397660000034,0.041722532361745834
10.729995238095238,0.07625649869441986,31.482704660000024,7.230363093922652,-0.15538430213928223,0.49364028143280153,0.5546698168500777,31.482704660000024,0.059684935957193375
5.120433333333334,0.11943069100379944,30.594019460000027,7.8768166915052165,-0.06258503347635269,0.5420903720892535,0.5905590552232078,30.594019460000027,0.08010680973529816
7.60125,0.10222221910953522,30.01637407999999,7.3169705215419505,-0.15131579339504242,0.5408728028991666,0.5917536494696218,30.01637407999999,0.046504464000463486
7.389508333333333,0.07971412688493729,29.75318654,7.292769028871391,-0.15551315248012543,0.526572843350618,0.5888214616242863,29.75318654,0.06348246335983276
7.5136416666666666,0.0452517531812191,29.77027664000002,7.273913004484306,-0.15305088460445404,0.5252564112422414,0.5861333636473057,29.77027664000002,0.06865804642438889
7.513642857142857,0.05699481815099716,29.82496495999999,7.314883512544803,-0.15537190437316895,0.5070896481466451,0.5397134726625167,29.82496495999999,0.048859935253858566
7.177008333333334,0.15789473056793213,30.792264620000026,7.4097256347256355,-0.1561764031648636,0.5053410631530361,0.5521432374874716,30.792264620000026,0.03505920618772507
11.26884,0.08564814925193787,32.477348480000046,7.495772791867076,-0.08787824213504791,0.5049057995327493,0.5521432374874716,32.477348480000046,0.08662045747041702
8.210725,0.12212817370891571,30.31374182000002,7.335600162206002,-0.13950666785240173,0.5410328244384858,0.5923531972401077,30.31374182000002,0.05882352963089943
7.556274999999999,0.08044280111789703,29.85572714,7.319641765704585,-0.15298432111740112,0.5270287505742982,0.5888214616242863,29.85572714,0.05863708257675171
7.5508,0.06027820706367493,29.807874860000027,7.300171929824562,-0.15776698291301727,0.5142246031470453,0.587959324281721,29.807874860000027,0.0549251027405262
7.702966666666667,0.09589041024446487,29.920669520000047,7.317016260162602,-0.15482546389102936,0.49696537197237595,0.5417972827800281,29.920669520000047,0.06772366911172867
7.6393625,0.08722109347581863,30.88455116,7.378526358475264,-0.15094339847564697,0.49747041808210396,0.5544099725613446,30.88455116,0.05575539544224739
10.744322222222223,0.11245865374803543,33.65656538000002,7.5769394512772,-0.08644981682300568,0.50573463095923,0.5509038499792058,33.65656538000002,0.0713191106915474
8.085316666666666,0.12020460516214371,30.019792100000018,7.303404017857144,-0.14228133857250214,0.5401191343725653,0.6045123817925703,30.019792100000018,0.06420404464006424
7.959249999999999,0.0892857164144516,30.105242599999997,7.2628680926916225,-0.15658725798130035,0.5256710204839218,0.6015963910909479,30.105242599999997,0.061834655702114105
7.90565,0.11976047605276108,30.221455279999986,7.3200436300174525,-0.13927175104618073,0.5137025477123782,0.5594909380269738,30.221455279999986,0.05723298713564873
8.012491666666667,0.11558669060468674,30.78542858000003,7.3466000000000005,-0.14047151803970337,0.5129358196805114,0.5698000096456648,30.78542858000003,0.054054055362939835
10.776,0.11494675278663635,33.22931288000001,7.637248550724638,-0.07381599396467209,0.5230350741612676,0.5684236811199507,33.22931288000001,0.06986122578382492
7.882926666666667,0.12195122241973877,30.501732919999995,7.326815444145357,-0.1571381837129593,0.5455493363845743,0.6247910008219053,30.501732919999995,0.06096451357007027
8.126933333333334,0.12320917099714279,29.657481980000057,7.296921208530806,-0.14617671072483063,0.5460777134658183,0.5943327705995571,29.657481980000057,0.0524737648665905
8.06776,0.11633986979722977,31.052034140000046,7.3426818950930635,-0.13096199929714203,0.5470405474551935,0.5945733911544557,31.052034140000046,0.04740806296467781
7.934700000000001,0.0893883928656578,33.18146060000004,7.767844481605351,-0.0588635578751564,0.5460777134658183,0.6057161603590245,33.18146060000004,0.0715005025267601
8.59604,0.07800000160932541,30.50515094000002,7.373059571619813,-0.1419508308172226,0.5455850008327048,0.5945519423309096,30.50515094000002,0.053368330001831055
7.47296,0.12466607242822647,31.014435919999983,7.702703454463886,-0.10830860584974289,0.5465408837062474,0.5949212188872794,31.014435919999983,0.07133659720420837
7.900421666666667,0.11706527322530746,30.542749160000028,7.520572909467865,-0.13794060051441193,0.5449530786395155,0.6079446142830007,30.542749160000028,0.06148965284228325
8.5136,0.10675808042287827,30.55983925999999,7.402974276527331,-0.13240857422351837,0.555914526248959,0.6051998363682891,30.55983925999999,0.07222055643796921
8.88035,0.16872428357601166,31.73905616000002,7.333984745762712,-0.12868091464042664,0.5566263796826375,0.605556886419244,31.73905616000002,0.06453009694814682
8.908166666666666,0.1501316875219345,31.123812560000033,7.457512445095169,-0.11982451379299164,0.5547509538750813,0.5906758216815798,31.123812560000033,0.07279029488563538
8.548501666666667,0.14515265822410583,32.364553820000026,7.369971739130436,-0.14331810176372528,0.538804975894773,0.5859158975135521,32.364553820000026,0.078125
10.034475,0.08238153159618378,34.58626681999999,7.790544856921888,-0.09122930467128754,0.5401156289113026,0.5897017990900462,34.58626681999999,0.07371948659420013
,,,,,0.6067918834737154,0.5920580299232807,,
,,,,,0.5971602662757199,0.582660283416562,,
,,,,,0.5782822965676487,0.5746028712476867,,
,,,,,0.5743550823294983,0.5950895610544802,,
,,,,,0.5517083446344239,0.5695222966613498,,
,,,,,0.5415729618673208,0.584007818762963,,
,,,,,0.5366718490902409,0.5671059839975949,,
,,,,,0.5366718490902409,0.5671059839975949,,
,,,,,0.5398750763695467,0.5683868243404971,,
,,,,,0.5739194698286796,0.596220910029869,,
,,,,,0.5538179888847402,0.5726030459269156,,
,,,,,0.5851207447782255,0.5904649187860116,,
,,,,,0.5965062675770906,0.5947874084466842,,
,,,,,0.5934546890004431,0.5952738449517472,,
,,,,,0.5900374834975616,0.5896306975367861,,
,,,,,0.5663744615877766,0.5782302632204824,,
,,,,,0.5652997472394128,0.5771330520948269,,
,,,,,0.5760468907230517,0.5998548984761735,,
,,,,,0.575877027057049,0.5869532739304284,,
,,,,,0.5893938193922569,0.5908712837773811,,
,,,,,0.5604072381106704,0.5775822028480192,,
,,,,,0.5601052945556539,0.5945467612116212,,
,,,,,0.5389692457044971,0.5932134905593527,,
,,,,,0.5339403237364633,0.5798768143206965,,
,,,,,0.5479502630491013,0.5758107720203189,,
,,,,,0.5336852334917079,0.5576849493150486,,
,,,,,0.5493939748836271,0.5812686940299902,,
,,,,,0.5829458634754523,0.6018333644592871,,
,,,,,0.6053683425670933,0.6023860902620404,,
,,,,,0.6101538630616948,0.6071480356396058,,
,,,,,0.601428168507167,0.6023018757939483,,
,,,,,0.5701374754892311,0.5780549558788131,,
,,,,,0.5701374754892311,0.5780549558788131,,
,,,,,0.5693355943703996,0.592574389621452,,
,,,,,0.5442532579172863,0.5643364919652377,,
,,,,,0.5273808602998974,0.5412353021355228,,
,,,,,0.5211154160435371,0.5568930592918819,,
,,,,,0.5336852334917079,0.5657567051603981,,
,,,,,0.5313387738311135,0.5716942037248888,,
,,,,,0.5657643011835443,0.5936356915419222,,
,,,,,0.6053683425670933,0.6023860902620404,,
,,,,,0.6101538630616948,0.6071480356396058,,
,,,,,0.601428168507167,0.6023018757939483,,
,,,,,0.5701374754892311,0.5780549558788131,,
,,,,,0.5690657885052288,0.5769683864128755,,
,,,,,0.5818199960410643,0.5938861930186992,,
,,,,,0.5874958884750101,0.5899753791406562,,
,,,,,0.5538507494874545,0.57082477559795,,
,,,,,0.5442532579172863,0.5724405408054697,,
,,,,,0.5512114126133355,0.5642819005288756,,
,,,,,0.5718332241011128,0.5772247881185341,,
,,,,,0.5718332241011128,0.5772247881185341,,
,,,,,0.5626998394745084,0.5746028712476867,,
,,,,,0.562855876255462,0.5684660609479569,,
,,,,,0.562855876255462,0.5676238890058118,,
,,,,,0.5621609924576156,0.5660844751056482,,
,,,,,0.5671952349930673,0.5830245371571324,,
,,,,,0.5613616331237297,0.5863347286890976,,
,,,,,0.5622986581156796,0.5871109767445678,,
,,,,,0.5512185467432357,0.5601551536241565,,
,,,,,0.5512185467432357,0.5601551536241565,,
,,,,,0.5717262217837805,0.5891050682915824,,
,,,,,0.5599058978683789,0.5697107415389215,,
,,,,,0.5599058978683789,0.5713913041983284,,
,,,,,0.5601636814309334,0.5695473133284973,,
,,,,,0.566835938354077,0.5731670910468843,,
,,,,,0.5422489774227801,0.5639852743326979,,
,,,,,0.5403476836730509,0.5643987532728244,,
,,,,,0.5599680474851918,0.5610236112266745,,
,,,,,0.5951032975234785,0.5934647913602432,,
,,,,,0.5818629919024328,0.5950895610544803,,
,,,,,0.5887899322822238,0.5950895610544803,,
,,,,,0.5604827239994244,0.5873198684320169,,
,,,,,0.5601052945556538,0.5869243668371132,,
,,,,,0.5598196722738815,0.573712264052904,,
,,,,,0.5607772498659508,0.5680694336596627,,
,,,,,0.5925381971031185,0.5934647913602432,,
,,,,,0.5684087423186083,0.574490307017979,,
,,,,,0.5684087423186083,0.574490307017979,,
,,,,,0.5570858590054887,0.5837603540778836,,
,,,,,0.5601052945556538,0.5869243668371132,,
,,,,,0.5615102920226384,0.5688120080827472,,
,,,,,0.5706733189812323,0.5715657215683524,,
,,,,,0.5584570705626737,0.5714334453078643,,
,,,,,0.5584570705626737,0.5714334453078643,,
,,,,,0.5584570705626737,0.5714334453078643,,
,,,,,0.5584570705626737,0.5714334453078643,,
,,,,,0.5621239059627868,0.5620673298513875,,
,,,,,0.5686947586875877,0.5765646530087307,,
,,,,,0.5712586249494183,0.5858723727471157,,
,,,,,0.5712586249494183,0.5858723727471157,,
,,,,,0.5890439034967236,0.591671713162518,,
,,,,,0.5515963694450879,0.5716912576372231,,
,,,,,0.5569818202614172,0.5709684742103917,,
,,,,,0.5569818202614172,0.5709684742103917,,
,,,,,0.5508696285103777,0.5736785438218739,,
,,,,,0.5556859388867756,0.5662142270298042,,
,,,,,0.5556859388867756,0.5662142270298042,,
,,,,,0.547846386221983,0.5694316083975502,,
,,,,,0.5659044611624476,0.5663511897031083,,
,,,,,0.5659044611624476,0.5621497713818686,,
,,,,,0.5726276796626749,0.5764110425555785,,
,,,,,0.569696138640511,0.5763900266321209,,
,,,,,0.5726411580122022,0.5738022870565932,,
,,,,,0.42434682693476244,0.5187319153729584,,
,,,,,0.41946927719988014,0.5215347698130324,,
,,,,,0.42434682693476244,0.527599127601556,,
,,,,,0.42164398090333083,0.527599127601556,,
,,,,,0.4410299110598058,0.5425816586084967,,
,,,,,0.4565386551849859,0.5449189334455795,,
,,,,,0.45750181690478536,0.5525027608150833,,
,,,,,0.43823858250879444,0.5292394866755009,,
,,,,,0.4334227739097967,0.5234236681406054,,
,,,,,0.42860696531079895,0.5176078496057097,,
,,,,,0.42434682693476244,0.5101578341271243,,
,,,,,0.4048366279952332,0.49075815403627493,,
,,,,,0.4097141777301155,0.4966709028800855,,
,,,,,0.4145917274649978,0.5068070437551893,,
,,,,,0.4145917274649978,0.5154704120245087,,
,,,,,0.41946927719988014,0.5215347698130324,,
,,,,,0.4167974983642121,0.5215347698130324,,
,,,,,0.42649046344244956,0.5246943511818429,,
,,,,,0.4395247922588373,0.5155177898197315,,
,,,,,0.4395247922588373,0.5155177898197315,,
,,,,,0.4442508652938785,0.5251638343164008,,
,,,,,0.45370301136396113,0.5405941800055352,,
,,,,,0.4594099674817468,0.5493134409733665,,
,,,,,0.46231762550378314,0.5583185793499791,,
,,,,,0.46231762550378314,0.5583185793499791,,
,,,,,0.43823858250879444,0.5292394866755009,,
,,,,,0.4369025839942338,0.5218856004288973,,
,,,,,0.4172665128034817,0.5068070437551893,,
,,,,,0.41235749500579366,0.5008446079463047,,
,,,,,0.41774778905815696,0.5008446079463047,,
,,,,,0.42272097702313505,0.519914122472996,,
,,,,,0.42272097702313505,0.519914122472996,,
,,,,,0.41997603561389385,0.519914122472996,,
,,,,,0.4369025839942338,0.5306567869907276,,
,,,,,0.46129426617649616,0.5419243822201159,,
,,,,,0.4660498771680064,0.5562714112256958,,
,,,,,0.46129426617649616,0.5505951723356376,,
,,,,,0.45178304419347554,0.5392426945555213,,
,,,,,0.44587639359892456,0.5350553052103966,,
,,,,,0.42164398090333083,0.5187319153729584,,
,,,,,0.4167974983642121,0.5127694795640738,,
,,,,,0.41997603561389385,0.5068070437551893,,
,,,,,0.42272097702313505,0.5244351148423263,,
,,,,,0.42272097702313505,0.5154704120245087,,
,,,,,0.41997603561389385,0.5154704120245087,,
,,,,,0.44587639359892456,0.5222139778853471,,
,,,,,0.4660498771680064,0.5562714112256958,,
,,,,,0.4660498771680064,0.5562714112256958,,
,,,,,0.46129426617649616,0.5505951723356376,,
,,,,,0.44587639359892456,0.5307052620786047,,
,,,,,0.43133694598156835,0.5262346470991383,,
,,,,,0.42649046344244956,0.5203218982553276,,
,,,,,0.41997603561389385,0.502583651723896,,
,,,,,0.42272097702313505,0.5154704120245087,,
,,,,,0.4326673529530911,0.527599127601556,,
,,,,,0.42985782468716194,0.527599127601556,,
,,,,,0.44587639359892456,0.5222139778853471,,
,,,,,0.46129426617649616,0.5505951723356376,,
,,,,,0.45462444698714516,0.5480108684507331,,
,,,,,0.4402678855033406,0.5350553052103966,,
,,,,,0.4354823650087391,0.5292394866755009,,
,,,,,0.4418116017919218,0.5321473959429487,,
,,,,,0.4475869168480253,0.5457922009671269,,
,,,,,0.4475869168480253,0.5457922009671269,,
,,,,,0.4446805082970641,0.5457922009671269,,
,,,,,0.44587639359892456,0.5222139778853471,,
,,,,,0.4565386551849859,0.5405941800055352,,
,,,,,0.4470274332019653,0.5293318012554199,,
,,,,,0.442271822210455,0.5237006118803622,,
,,,,,0.4565386551849858,0.5364737975359808,,
,,,,,0.4467206195896098,0.5380601447867592,,
,,,,,0.4467206195896098,0.5380601447867592,,
,,,,,0.4410299110598058,0.5380601447867592,,
,,,,,0.46526232375539955,0.5449189334455795,,
,,,,,0.4470274332019653,0.5293318012554199,,
,,,,,0.442271822210455,0.5237006118803622,,
,,,,,0.4565386551849858,0.5364737975359808,,
,,,,,0.4467206195896098,0.5380601447867592,,
,,,,,0.4565386551849858,0.5498856424743803,,
,,,,,0.4507228761380433,0.5498856424743803,,
,,,,,0.46526232375539955,0.5449189334455795,,
,,,,,0.4470274332019653,0.5293318012554199,,
,,,,,0.4565386551849858,0.5364737975359808,,
,,,,,0.4467206195896098,0.5380601447867592,,
,,,,,0.4565386551849858,0.5498856424743803,,
,,,,,0.45556935867716203,0.5557983913181909,,
,,,,,0.46526232375539955,0.5449189334455795,,
,,,,,0.4594099674817468,0.5537794039081092,,
,,,,,0.4594099674817468,0.5629327824851028,,
,,,,,0.4594099674817468,0.5629327824851028,,
,,,,,0.4594099674817468,0.5629327824851028,,
,,,,,0.4565386551849859,0.5405941800055352,,
,,,,,0.4594099674817468,0.5449189334455795,,
,,,,,0.4594099674817468,0.5493134409733665,,
,,,,,0.4565386551849859,0.5493134409733665,,
,,,,,0.4594099674817468,0.5449189334455795,,
,,,,,0.4594099674817468,0.5493134409733665,,
,,,,,0.4565386551849859,0.5493134409733665,,
,,,,,0.45370301136396113,0.5363375329188775,,
,,,,,0.4631551574340436,0.5475112315213541,,
,,,,,0.46129426617649616,0.5505951723356376,,
,,,,,0.4584290843990024,0.5419243822201159,,
,,,,,0.4565386551849859,0.5449189334455795,,
,,,,,0.46129426617649616,0.5462253693805929,,
